0 -18362.65 -10807.03 87.97 
1 -18362.65 -10807.03 87.97 
2 -18362.65 -10807.03 87.96 
3 -18362.65 -10807.03 87.97 
4 -18362.65 -10807.03 87.97 
5 -18362.65 -10807.03 87.96 
6 -18362.65 -10807.03 87.97 
7 -18362.65 -10807.03 87.96 
8 -18362.65 -10807.03 87.96 
9 -18362.65 -10807.03 87.96 
10 -18362.65 -10807.03 87.96 
11 -18362.65 -10807.03 87.96 
12 -18362.65 -10807.03 87.95 
13 -18362.65 -10807.03 87.95 
14 -18362.65 -10807.03 87.96 
15 -18362.65 -10807.03 87.96 
16 -18362.65 -10807.03 87.96 
17 -18362.65 -10807.03 87.96 
18 -18362.65 -10807.03 87.96 
19 -18362.65 -10807.03 87.97 
20 -18362.65 -10807.03 87.96 
21 -18362.65 -10807.03 87.95 
22 -18362.65 -10807.03 87.95 
23 -18362.65 -10807.03 87.96 
24 -18362.65 -10807.03 87.96 
25 -18362.65 -10807.03 87.96 
26 -18362.65 -10807.03 87.96 
27 -18362.65 -10807.03 87.97 
28 -18362.65 -10807.03 87.97 
29 -18362.65 -10807.03 87.96 
30 -18362.65 -10807.03 87.96 
31 -18362.65 -10807.03 87.98 
32 -18362.65 -10807.04 87.98 
33 -18362.65 -10807.04 87.98 
34 -18362.65 -10807.04 87.98 
35 -18362.65 -10807.04 87.99 
36 -18362.65 -10807.04 87.99 
37 -18362.65 -10807.04 87.98 
38 -18362.65 -10807.04 87.98 
39 -18362.65 -10807.04 87.97 
40 -18362.65 -10807.04 87.97 
41 -18362.65 -10807.04 87.97 
42 -18362.65 -10807.04 87.97 
43 -18362.65 -10807.04 87.97 
44 -18362.65 -10807.04 87.97 
45 -18362.65 -10807.04 87.97 
46 -18362.65 -10807.04 87.97 
47 -18362.65 -10807.04 87.98 
48 -18362.65 -10807.04 87.98 
49 -18362.65 -10807.04 87.98 
50 -18362.65 -10807.04 87.98 
51 -18362.65 -10807.04 87.98 
52 -18362.65 -10807.04 87.98 
53 -18362.65 -10807.04 87.99 
54 -18362.65 -10807.04 87.98 
55 -18362.65 -10807.04 87.98 
56 -18362.65 -10807.04 87.98 
57 -18362.65 -10807.04 87.98 
58 -18362.66 -10807.04 87.98 
59 -18362.66 -10807.04 87.98 
60 -18362.66 -10807.04 87.98 
61 -18362.66 -10807.04 87.98 
62 -18362.66 -10807.04 87.98 
63 -18362.66 -10807.04 87.97 
64 -18362.66 -10807.04 87.97 
65 -18362.66 -10807.04 87.97 
66 -18362.66 -10807.04 87.98 
67 -18362.66 -10807.04 87.98 
68 -18362.66 -10807.04 87.98 
69 -18362.66 -10807.04 87.98 
70 -18362.66 -10807.04 87.98 
71 -18362.66 -10807.04 87.97 
72 -18362.66 -10807.04 87.97 
73 -18362.66 -10807.04 87.97 
74 -18362.66 -10807.04 87.97 
75 -18362.66 -10807.04 87.97 
76 -18362.66 -10807.04 87.97 
77 -18362.66 -10807.04 87.98 
78 -18362.66 -10807.04 87.98 
79 -18362.66 -10807.04 87.97 
80 -18362.66 -10807.04 87.97 
81 -18362.66 -10807.04 87.97 
82 -18362.66 -10807.04 87.97 
83 -18362.66 -10807.04 87.97 
84 -18362.66 -10807.04 87.97 
85 -18362.66 -10807.04 87.98 
86 -18362.66 -10807.04 87.98 
87 -18362.66 -10807.04 87.97 
88 -18362.66 -10807.04 87.97 
89 -18362.66 -10807.04 87.98 
90 -18362.66 -10807.04 87.99 
91 -18362.66 -10807.04 87.99 
92 -18362.66 -10807.04 88.00 
93 -18362.66 -10807.04 88.03 
94 -18362.66 -10807.04 88.06 
95 -18362.66 -10807.04 88.08 
96 -18362.66 -10807.04 88.06 
97 -18362.66 -10807.04 88.02 
98 -18362.66 -10807.04 88.04 
99 -18362.66 -10807.04 88.03 
100 -18362.66 -10807.04 88.07 
101 -18362.66 -10807.04 88.08 
102 -18362.66 -10807.04 88.09 
103 -18362.66 -10807.04 88.15 
104 -18362.66 -10807.04 88.23 
105 -18362.66 -10807.04 88.31 
106 -18362.66 -10807.04 88.45 
107 -18362.66 -10807.05 88.83 
108 -18362.66 -10807.05 89.57 
109 -18362.66 -10807.06 90.77 
110 -18362.65 -10807.07 92.54 
111 -18362.64 -10807.09 94.75 
112 -18362.63 -10807.10 97.34 
113 -18362.63 -10807.12 100.31 
114 -18362.63 -10807.15 103.63 
115 -18362.63 -10807.17 107.18 
116 -18362.63 -10807.20 110.94 
117 -18362.63 -10807.22 114.56 
118 -18362.64 -10807.24 117.81 
119 -18362.64 -10807.26 120.60 
120 -18362.65 -10807.28 122.88 
121 -18362.65 -10807.29 124.62 
122 -18362.65 -10807.29 125.86 
123 -18362.66 -10807.30 126.66 
124 -18362.66 -10807.30 127.26 
125 -18362.66 -10807.31 127.83 
126 -18362.66 -10807.31 128.48 
127 -18362.66 -10807.32 129.14 
128 -18362.66 -10807.32 129.69 
129 -18362.66 -10807.33 130.11 
130 -18362.66 -10807.33 130.58 
131 -18362.66 -10807.34 131.26 
132 -18362.66 -10807.34 132.16 
133 -18362.66 -10807.35 133.38 
134 -18362.66 -10807.36 134.77 
135 -18362.66 -10807.38 136.16 
136 -18362.66 -10807.39 137.49 
137 -18362.67 -10807.39 138.73 
138 -18362.67 -10807.40 139.53 
139 -18362.67 -10807.40 140.24 
140 -18362.68 -10807.41 141.40 
141 -18362.69 -10807.42 143.25 
142 -18362.70 -10807.43 145.72 
143 -18362.71 -10807.44 148.66 
144 -18362.73 -10807.45 151.89 
145 -18362.75 -10807.47 155.23 
146 -18362.77 -10807.48 158.42 
147 -18362.78 -10807.49 161.28 
148 -18362.80 -10807.49 163.92 
149 -18362.81 -10807.50 166.48 
150 -18362.83 -10807.50 168.70 
151 -18362.84 -10807.51 170.56 
152 -18362.85 -10807.51 171.99 
153 -18362.86 -10807.51 172.98 
154 -18362.86 -10807.51 173.47 
155 -18362.86 -10807.51 173.46 
156 -18362.86 -10807.51 173.05 
157 -18362.85 -10807.51 172.41 
158 -18362.85 -10807.51 171.74 
159 -18362.84 -10807.51 171.16 
160 -18362.84 -10807.50 170.49 
161 -18362.83 -10807.50 169.46 
162 -18362.82 -10807.50 168.02 
163 -18362.81 -10807.50 166.02 
164 -18362.79 -10807.49 163.38 
165 -18362.77 -10807.48 160.24 
166 -18362.75 -10807.48 156.79 
167 -18362.73 -10807.47 153.48 
168 -18362.71 -10807.47 150.62 
169 -18362.69 -10807.46 148.16 
170 -18362.68 -10807.45 145.82 
171 -18362.67 -10807.43 142.52 
172 -18362.65 -10807.41 138.15 
173 -18362.63 -10807.38 133.28 
174 -18362.60 -10807.35 128.12 
175 -18362.58 -10807.32 122.51 
176 -18362.56 -10807.30 117.61 
177 -18362.54 -10807.27 113.09 
178 -18362.52 -10807.24 108.41 
179 -18362.51 -10807.21 103.88 
180 -18362.50 -10807.18 99.80 
181 -18362.49 -10807.16 95.46 
182 -18362.48 -10807.13 91.73 
183 -18362.47 -10807.11 88.92 
184 -18362.46 -10807.09 87.13 
185 -18362.46 -10807.09 86.65 
186 -18362.46 -10807.09 87.41 
187 -18362.46 -10807.10 88.96 
188 -18362.46 -10807.11 90.71 
189 -18362.46 -10807.12 92.21 
190 -18362.46 -10807.12 93.47 
191 -18362.46 -10807.13 94.04 
192 -18362.46 -10807.12 94.01 
193 -18362.46 -10807.12 93.74 
194 -18362.46 -10807.12 93.36 
195 -18362.46 -10807.11 92.97 
196 -18362.46 -10807.11 92.63 
197 -18362.46 -10807.11 92.38 
198 -18362.45 -10807.11 92.22 
199 -18362.45 -10807.11 92.24 
200 -18362.45 -10807.11 92.33 
201 -18362.45 -10807.11 92.36 
202 -18362.45 -10807.10 92.37 
203 -18362.45 -10807.10 92.26 
204 -18362.45 -10807.10 91.95 
205 -18362.44 -10807.09 91.04 
206 -18362.42 -10807.08 89.57 
207 -18362.39 -10807.07 87.90 
208 -18362.35 -10807.05 86.53 
209 -18362.30 -10807.04 85.78 
210 -18362.24 -10807.03 85.60 
211 -18362.17 -10807.03 85.91 
212 -18362.10 -10807.02 86.48 
213 -18362.02 -10807.02 87.03 
214 -18361.95 -10807.02 87.55 
215 -18361.88 -10807.02 88.06 
216 -18361.81 -10807.02 88.58 
217 -18361.73 -10807.02 89.15 
218 -18361.65 -10807.02 89.82 
219 -18361.56 -10807.02 90.42 
220 -18361.47 -10807.02 90.85 
221 -18361.38 -10807.02 91.11 
222 -18361.28 -10807.02 91.14 
223 -18361.19 -10807.02 91.01 
224 -18361.08 -10807.02 90.78 
225 -18360.98 -10807.02 90.59 
226 -18360.87 -10807.02 90.52 
227 -18360.77 -10807.02 90.32 
228 -18360.67 -10807.02 90.14 
229 -18360.57 -10807.01 89.70 
230 -18360.46 -10807.01 89.04 
231 -18360.36 -10807.00 88.50 
232 -18360.26 -10806.99 88.24 
233 -18360.15 -10806.99 88.20 
234 -18360.05 -10806.99 88.23 
235 -18359.95 -10806.98 88.32 
236 -18359.84 -10806.98 88.41 
237 -18359.72 -10806.98 88.63 
238 -18359.61 -10806.98 89.01 
239 -18359.50 -10806.98 89.40 
240 -18359.40 -10806.98 89.85 
241 -18359.29 -10806.98 90.31 
242 -18359.19 -10806.98 90.56 
243 -18359.07 -10806.99 90.81 
244 -18358.96 -10806.99 90.87 
245 -18358.85 -10806.99 90.77 
246 -18358.74 -10806.99 90.62 
247 -18358.63 -10806.99 90.24 
248 -18358.52 -10806.99 89.67 
249 -18358.41 -10806.98 88.93 
250 -18358.30 -10806.98 88.23 
251 -18358.19 -10806.97 87.82 
252 -18358.08 -10806.97 87.54 
253 -18357.97 -10806.96 87.48 
254 -18357.85 -10806.95 87.71 
255 -18357.74 -10806.95 88.03 
256 -18357.63 -10806.95 88.44 
257 -18357.53 -10806.95 89.07 
258 -18357.42 -10806.95 89.49 
259 -18357.30 -10806.95 89.58 
260 -18357.19 -10806.94 89.62 
261 -18357.08 -10806.94 89.59 
262 -18356.97 -10806.94 89.52 
263 -18356.86 -10806.94 89.47 
264 -18356.75 -10806.93 89.52 
265 -18356.64 -10806.93 89.57 
266 -18356.53 -10806.93 89.45 
267 -18356.43 -10806.93 89.30 
268 -18356.32 -10806.92 89.15 
269 -18356.21 -10806.92 89.00 
270 -18356.10 -10806.92 88.92 
271 -18355.98 -10806.91 88.73 
272 -18355.87 -10806.90 88.39 
273 -18355.76 -10806.90 87.91 
274 -18355.65 -10806.89 87.43 
275 -18355.53 -10806.88 87.28 
276 -18355.41 -10806.88 87.57 
277 -18355.30 -10806.88 88.06 
278 -18355.18 -10806.88 88.74 
279 -18355.08 -10806.88 89.37 
280 -18354.97 -10806.88 89.83 
281 -18354.86 -10806.88 90.05 
282 -18354.75 -10806.89 90.24 
283 -18354.64 -10806.89 90.26 
284 -18354.54 -10806.89 90.31 
285 -18354.43 -10806.89 90.38 
286 -18354.31 -10806.89 90.30 
287 -18354.20 -10806.89 90.03 
288 -18354.09 -10806.89 89.76 
289 -18353.97 -10806.89 89.72 
290 -18353.86 -10806.89 89.76 
291 -18353.75 -10806.89 89.80 
292 -18353.64 -10806.89 89.84 
293 -18353.52 -10806.89 89.97 
294 -18353.41 -10806.89 90.09 
295 -18353.29 -10806.89 90.18 
296 -18353.18 -10806.90 90.27 
297 -18353.07 -10806.90 90.30 
298 -18352.95 -10806.90 90.38 
299 -18352.84 -10806.90 90.57 
300 -18352.73 -10806.90 90.78 
301 -18352.62 -10806.90 90.68 
302 -18352.50 -10806.90 90.44 
303 -18352.39 -10806.90 90.17 
304 -18352.27 -10806.90 89.79 
305 -18352.16 -10806.90 89.30 
306 -18352.05 -10806.90 88.84 
307 -18351.94 -10806.89 88.40 
308 -18351.83 -10806.89 87.90 
309 -18351.71 -10806.88 87.60 
310 -18351.59 -10806.88 87.63 
311 -18351.48 -10806.88 87.80 
312 -18351.37 -10806.88 88.10 
313 -18351.26 -10806.87 88.40 
314 -18351.14 -10806.87 88.64 
315 -18351.03 -10806.87 88.84 
316 -18350.92 -10806.87 88.98 
317 -18350.81 -10806.87 89.33 
318 -18350.71 -10806.87 89.57 
319 -18350.59 -10806.87 89.86 
320 -18350.48 -10806.88 90.20 
321 -18350.36 -10806.88 90.63 
322 -18350.26 -10806.88 91.08 
323 -18350.15 -10806.89 91.46 
324 -18350.04 -10806.90 91.74 
325 -18349.93 -10806.90 91.79 
326 -18349.83 -10806.91 91.69 
327 -18349.72 -10806.91 91.51 
328 -18349.62 -10806.91 91.23 
329 -18349.52 -10806.92 90.99 
330 -18349.41 -10806.92 90.85 
331 -18349.30 -10806.92 90.77 
332 -18349.20 -10806.92 90.88 
333 -18349.09 -10806.93 91.06 
334 -18348.99 -10806.93 91.11 
335 -18348.89 -10806.93 90.96 
336 -18348.78 -10806.93 90.62 
337 -18348.67 -10806.92 90.12 
338 -18348.56 -10806.92 89.65 
339 -18348.46 -10806.92 89.35 
340 -18348.36 -10806.91 89.14 
341 -18348.26 -10806.91 89.13 
342 -18348.16 -10806.91 89.41 
343 -18348.05 -10806.91 89.66 
344 -18347.95 -10806.92 90.04 
345 -18347.85 -10806.92 90.37 
346 -18347.76 -10806.92 90.46 
347 -18347.65 -10806.92 90.54 
348 -18347.55 -10806.92 90.47 
349 -18347.44 -10806.92 90.01 
350 -18347.33 -10806.92 89.42 
351 -18347.23 -10806.91 88.86 
352 -18347.13 -10806.91 88.23 
353 -18347.02 -10806.90 87.80 
354 -18346.91 -10806.90 87.49 
355 -18346.81 -10806.89 87.28 
356 -18346.70 -10806.89 87.45 
357 -18346.59 -10806.88 87.75 
358 -18346.49 -10806.88 88.05 
359 -18346.38 -10806.88 88.43 
360 -18346.27 -10806.88 88.79 
361 -18346.16 -10806.88 89.05 
362 -18346.06 -10806.88 89.37 
363 -18345.96 -10806.89 89.75 
364 -18345.85 -10806.89 90.15 
365 -18345.75 -10806.89 90.73 
366 -18345.64 -10806.90 91.49 
367 -18345.53 -10806.91 92.20 
368 -18345.43 -10806.92 92.67 
369 -18345.33 -10806.93 92.87 
370 -18345.22 -10806.93 92.82 
371 -18345.11 -10806.94 92.46 
372 -18345.01 -10806.94 91.99 
373 -18344.90 -10806.94 91.59 
374 -18344.80 -10806.94 91.28 
375 -18344.70 -10806.94 91.17 
376 -18344.60 -10806.95 91.12 
377 -18344.50 -10806.95 91.29 
378 -18344.40 -10806.96 91.72 
379 -18344.30 -10806.96 91.99 
380 -18344.20 -10806.97 92.23 
381 -18344.11 -10806.98 92.40 
382 -18344.00 -10806.98 92.19 
383 -18343.90 -10806.98 91.73 
384 -18343.80 -10806.98 91.19 
385 -18343.70 -10806.98 90.59 
386 -18343.61 -10806.98 90.18 
387 -18343.51 -10806.98 90.15 
388 -18343.41 -10806.98 90.46 
389 -18343.31 -10806.98 91.19 
390 -18343.21 -10806.99 91.94 
391 -18343.11 -10807.00 92.47 
392 -18343.01 -10807.01 92.86 
393 -18342.91 -10807.01 92.80 
394 -18342.80 -10807.01 92.40 
395 -18342.70 -10807.01 91.93 
396 -18342.60 -10807.01 91.62 
397 -18342.50 -10807.02 91.39 
398 -18342.40 -10807.02 91.31 
399 -18342.30 -10807.02 91.31 
400 -18342.20 -10807.02 91.63 
401 -18342.09 -10807.03 92.08 
402 -18341.99 -10807.03 92.27 
403 -18341.89 -10807.04 92.18 
404 -18341.79 -10807.04 91.81 
405 -18341.69 -10807.04 91.26 
406 -18341.59 -10807.03 90.56 
407 -18341.49 -10807.03 89.90 
408 -18341.39 -10807.02 89.24 
409 -18341.29 -10807.02 88.65 
410 -18341.19 -10807.01 88.32 
411 -18341.08 -10807.01 88.24 
412 -18340.98 -10807.01 88.35 
413 -18340.88 -10807.00 88.68 
414 -18340.78 -10807.00 88.78 
415 -18340.68 -10807.00 88.59 
416 -18340.57 -10806.99 88.28 
417 -18340.47 -10806.99 87.94 
418 -18340.37 -10806.98 87.84 
419 -18340.27 -10806.98 87.83 
420 -18340.16 -10806.97 87.85 
421 -18340.06 -10806.97 87.99 
422 -18339.96 -10806.96 88.17 
423 -18339.87 -10806.96 88.38 
424 -18339.77 -10806.96 88.52 
425 -18339.67 -10806.96 88.50 
426 -18339.57 -10806.96 88.49 
427 -18339.47 -10806.96 88.44 
428 -18339.37 -10806.95 88.35 
429 -18339.27 -10806.95 88.46 
430 -18339.17 -10806.95 88.66 
431 -18339.07 -10806.95 88.74 
432 -18338.97 -10806.95 89.02 
433 -18338.87 -10806.95 89.15 
434 -18338.77 -10806.95 89.17 
435 -18338.68 -10806.95 89.31 
436 -18338.59 -10806.95 89.34 
437 -18338.51 -10806.95 89.20 
438 -18338.42 -10806.94 88.68 
439 -18338.33 -10806.94 88.14 
440 -18338.24 -10806.93 87.59 
441 -18338.15 -10806.92 87.27 
442 -18338.06 -10806.92 87.37 
443 -18337.98 -10806.92 87.64 
444 -18337.89 -10806.92 88.13 
445 -18337.80 -10806.92 88.57 
446 -18337.71 -10806.92 89.24 
447 -18337.64 -10806.93 90.03 
448 -18337.57 -10806.93 90.50 
449 -18337.49 -10806.93 90.92 
450 -18337.42 -10806.94 90.75 
451 -18337.34 -10806.93 90.39 
452 -18337.26 -10806.93 89.67 
453 -18337.18 -10806.92 89.13 
454 -18337.11 -10806.92 88.90 
455 -18337.03 -10806.92 88.84 
456 -18336.95 -10806.91 88.83 
457 -18336.86 -10806.91 88.88 
458 -18336.77 -10806.91 89.14 
459 -18336.69 -10806.91 89.83 
460 -18336.62 -10806.92 90.62 
461 -18336.54 -10806.92 91.42 
462 -18336.47 -10806.93 92.04 
463 -18336.40 -10806.93 92.62 
464 -18336.34 -10806.94 93.03 
465 -18336.28 -10806.95 93.28 
466 -18336.22 -10806.95 93.57 
467 -18336.16 -10806.96 93.61 
468 -18336.09 -10806.96 93.50 
469 -18336.03 -10806.97 93.15 
470 -18335.97 -10806.97 92.60 
471 -18335.91 -10806.97 91.98 
472 -18335.84 -10806.97 91.33 
473 -18335.77 -10806.97 90.82 
474 -18335.70 -10806.96 89.99 
475 -18335.62 -10806.96 89.22 
476 -18335.54 -10806.95 88.48 
477 -18335.47 -10806.94 87.98 
478 -18335.40 -10806.94 87.77 
479 -18335.32 -10806.93 87.79 
480 -18335.23 -10806.93 88.18 
481 -18335.14 -10806.93 88.86 
482 -18335.06 -10806.94 89.50 
483 -18334.98 -10806.94 90.12 
484 -18334.90 -10806.94 90.40 
485 -18334.81 -10806.94 90.46 
486 -18334.73 -10806.94 89.85 
487 -18334.64 -10806.93 89.12 
488 -18334.55 -10806.92 88.26 
489 -18334.46 -10806.91 87.66 
490 -18334.38 -10806.91 87.32 
491 -18334.29 -10806.90 87.25 
492 -18334.21 -10806.90 87.43 
493 -18334.12 -10806.90 87.47 
494 -18334.03 -10806.89 87.65 
495 -18333.95 -10806.89 88.19 
496 -18333.87 -10806.89 88.87 
497 -18333.79 -10806.90 89.39 
498 -18333.71 -10806.90 89.83 
499 -18333.63 -10806.90 89.84 
500 -18333.55 -10806.90 89.51 
501 -18333.47 -10806.89 88.83 
502 -18333.40 -10806.88 88.30 
503 -18333.33 -10806.88 87.90 
504 -18333.26 -10806.88 87.76 
505 -18333.18 -10806.88 87.53 
506 -18333.11 -10806.87 87.47 
507 -18333.04 -10806.87 87.47 
508 -18332.98 -10806.87 87.37 
509 -18332.92 -10806.87 87.15 
510 -18332.87 -10806.86 86.40 
511 -18332.81 -10806.85 85.51 
512 -18332.75 -10806.84 84.51 
513 -18332.69 -10806.83 83.69 
514 -18332.62 -10806.82 83.60 
515 -18332.56 -10806.82 84.09 
516 -18332.50 -10806.82 85.42 
517 -18332.45 -10806.83 87.08 
518 -18332.40 -10806.84 88.67 
519 -18332.36 -10806.85 90.11 
520 -18332.33 -10806.86 91.37 
521 -18332.31 -10806.87 92.05 
522 -18332.29 -10806.87 92.21 
523 -18332.29 -10806.87 92.03 
524 -18332.30 -10806.87 91.65 
525 -18332.31 -10806.87 91.02 
526 -18332.32 -10806.86 90.61 
527 -18332.33 -10806.87 90.74 
528 -18332.33 -10806.87 90.97 
529 -18332.34 -10806.87 91.04 
530 -18332.34 -10806.87 91.11 
531 -18332.35 -10806.87 91.17 
532 -18332.35 -10806.87 91.23 
533 -18332.36 -10806.88 91.30 
534 -18332.37 -10806.88 91.37 
535 -18332.38 -10806.88 91.41 
536 -18332.38 -10806.88 91.48 
537 -18332.39 -10806.88 91.48 
538 -18332.40 -10806.88 91.50 
539 -18332.40 -10806.88 91.51 
540 -18332.40 -10806.88 91.51 
0 -377276.83 -3806598.41 0.00 
1 -377276.83 -3806598.41 0.00 
2 -377276.83 -3806598.41 0.00 
3 -377276.83 -3806598.41 0.00 
4 -377276.83 -3806598.41 0.00 
5 -377276.83 -3806598.41 0.00 
6 -377276.83 -3806598.41 0.00 
7 -377276.83 -3806598.41 0.00 
8 -377276.83 -3806598.41 0.00 
9 -377276.83 -3806598.41 0.00 
10 -377276.83 -3806598.41 0.00 
11 -377276.83 -3806598.41 0.00 
12 -377276.83 -3806598.41 0.00 
13 -377276.83 -3806598.41 0.00 
14 -377276.83 -3806598.41 0.00 
15 -377276.83 -3806598.41 0.00 
16 -377276.83 -3806598.41 0.00 
17 -377276.83 -3806598.41 0.00 
18 -377276.83 -3806598.41 0.00 
19 -377276.83 -3806598.41 0.00 
20 -377276.83 -3806598.41 0.00 
21 -377276.83 -3806598.41 0.00 
22 -377276.83 -3806598.41 0.00 
23 -377276.83 -3806598.41 0.00 
24 -377276.83 -3806598.41 0.00 
25 -377276.83 -3806598.41 0.00 
26 -377276.83 -3806598.41 0.00 
27 -377276.83 -3806598.41 0.00 
28 -377276.83 -3806598.41 0.00 
29 -377276.83 -3806598.41 0.00 
30 -377276.83 -3806598.41 0.00 
31 -377276.83 -3806598.41 0.00 
32 -377276.83 -3806598.41 0.00 
33 -377276.83 -3806598.41 0.00 
34 -377276.83 -3806598.41 0.00 
35 -377276.83 -3806598.41 0.00 
36 -377276.83 -3806598.41 0.00 
37 -377276.83 -3806598.41 0.00 
38 -377276.83 -3806598.41 0.00 
39 -377276.83 -3806598.41 0.00 
40 -377276.83 -3806598.41 0.00 
41 -377276.83 -3806598.41 0.00 
42 -377276.83 -3806598.41 0.00 
43 -377276.83 -3806598.41 0.00 
44 -377276.83 -3806598.41 0.00 
45 -377276.83 -3806598.41 0.00 
46 -377276.83 -3806598.41 0.00 
47 -377276.83 -3806598.41 0.00 
48 -377276.83 -3806598.41 0.00 
49 -377276.83 -3806598.41 0.00 
50 -377276.83 -3806598.41 0.00 
51 -377276.83 -3806598.41 0.00 
