0 -18337.22 -10807.49 269.21 
1 -18337.29 -10807.49 269.76 
2 -18337.36 -10807.48 270.11 
3 -18337.43 -10807.48 270.22 
4 -18337.50 -10807.48 270.11 
5 -18337.58 -10807.48 270.30 
6 -18337.66 -10807.47 270.76 
7 -18337.74 -10807.47 271.09 
8 -18337.82 -10807.46 271.28 
9 -18337.89 -10807.46 271.61 
10 -18337.95 -10807.45 271.88 
11 -18338.00 -10807.45 272.08 
12 -18338.04 -10807.44 272.17 
13 -18338.07 -10807.44 271.95 
14 -18338.09 -10807.44 271.60 
15 -18338.11 -10807.44 271.40 
16 -18338.12 -10807.43 271.38 
17 -18338.12 -10807.43 271.55 
18 -18338.12 -10807.42 271.69 
19 -18338.13 -10807.42 271.61 
20 -18338.13 -10807.42 271.54 
21 -18338.13 -10807.42 271.66 
22 -18338.13 -10807.42 271.63 
23 -18338.12 -10807.42 271.61 
24 -18338.12 -10807.42 271.63 
25 -18338.12 -10807.42 271.62 
26 -18338.12 -10807.41 271.61 
27 -18338.12 -10807.41 271.62 
28 -18338.12 -10807.41 271.62 
29 -18338.11 -10807.41 271.61 
30 -18338.11 -10807.41 271.61 
31 -18338.11 -10807.41 271.60 
32 -18338.12 -10807.41 271.61 
33 -18338.12 -10807.41 271.60 
34 -18338.12 -10807.41 271.59 
35 -18338.12 -10807.41 271.58 
36 -18338.12 -10807.41 271.58 
37 -18338.12 -10807.41 271.57 
38 -18338.12 -10807.41 271.57 
39 -18338.12 -10807.41 271.57 
40 -18338.11 -10807.41 271.64 
41 -18338.11 -10807.42 271.64 
42 -18338.11 -10807.42 271.64 
43 -18338.11 -10807.42 271.64 
44 -18338.10 -10807.42 271.64 
45 -18338.10 -10807.43 271.64 
46 -18338.10 -10807.43 271.65 
47 -18338.10 -10807.43 271.66 
48 -18338.10 -10807.44 271.67 
49 -18338.09 -10807.44 271.67 
50 -18338.09 -10807.44 271.67 
51 -18338.09 -10807.45 271.68 
52 -18338.09 -10807.45 271.69 
53 -18338.09 -10807.45 271.70 
54 -18338.09 -10807.45 271.71 
55 -18338.09 -10807.45 271.72 
56 -18338.09 -10807.45 271.74 
57 -18338.09 -10807.45 271.74 
58 -18338.09 -10807.45 271.69 
59 -18338.09 -10807.45 271.71 
60 -18338.15 -10807.46 271.91 
61 -18338.18 -10807.46 272.14 
62 -18338.22 -10807.46 272.37 
63 -18338.28 -10807.45 272.90 
64 -18338.33 -10807.45 273.21 
65 -18338.40 -10807.44 273.08 
66 -18338.46 -10807.45 272.42 
67 -18338.53 -10807.45 271.74 
68 -18338.61 -10807.45 271.14 
69 -18338.68 -10807.45 271.05 
70 -18338.76 -10807.45 270.89 
71 -18338.84 -10807.45 270.66 
72 -18338.93 -10807.45 270.29 
73 -18339.01 -10807.46 270.02 
74 -18339.10 -10807.46 269.39 
75 -18339.19 -10807.47 269.10 
76 -18339.27 -10807.47 268.84 
77 -18339.37 -10807.47 268.66 
78 -18339.46 -10807.48 268.40 
79 -18339.55 -10807.48 268.55 
80 -18339.65 -10807.48 268.77 
81 -18339.74 -10807.49 268.88 
82 -18339.84 -10807.49 268.95 
83 -18339.94 -10807.49 268.94 
84 -18340.04 -10807.49 268.89 
85 -18340.15 -10807.50 269.11 
86 -18340.25 -10807.50 269.43 
87 -18340.34 -10807.50 269.58 
88 -18340.44 -10807.50 269.54 
89 -18340.54 -10807.50 269.57 
90 -18340.65 -10807.50 269.61 
91 -18340.75 -10807.50 269.65 
92 -18340.85 -10807.51 269.66 
93 -18340.95 -10807.51 269.30 
94 -18341.05 -10807.52 268.80 
95 -18341.16 -10807.52 268.60 
96 -18341.26 -10807.53 268.64 
97 -18341.36 -10807.53 268.76 
98 -18341.46 -10807.53 268.92 
99 -18341.55 -10807.53 269.03 
100 -18341.65 -10807.53 269.02 
101 -18341.75 -10807.54 269.12 
102 -18341.85 -10807.54 269.15 
103 -18341.96 -10807.54 269.06 
104 -18342.06 -10807.55 269.17 
105 -18342.17 -10807.55 269.32 
106 -18342.28 -10807.55 269.30 
107 -18342.39 -10807.55 269.65 
108 -18342.50 -10807.55 269.83 
109 -18342.61 -10807.55 269.73 
110 -18342.71 -10807.55 269.65 
111 -18342.82 -10807.55 269.38 
112 -18342.93 -10807.56 269.18 
113 -18343.05 -10807.56 269.27 
114 -18343.16 -10807.56 269.29 
115 -18343.27 -10807.56 269.27 
116 -18343.38 -10807.56 269.32 
117 -18343.49 -10807.56 269.30 
118 -18343.61 -10807.56 269.57 
119 -18343.72 -10807.56 269.81 
120 -18343.83 -10807.56 270.06 
121 -18343.94 -10807.55 270.43 
122 -18344.04 -10807.55 270.54 
123 -18344.15 -10807.55 270.36 
124 -18344.26 -10807.55 270.44 
125 -18344.36 -10807.55 270.34 
126 -18344.47 -10807.55 270.18 
127 -18344.58 -10807.55 270.19 
128 -18344.69 -10807.55 270.12 
129 -18344.80 -10807.55 270.02 
130 -18344.91 -10807.54 270.14 
131 -18345.02 -10807.54 270.07 
132 -18345.14 -10807.54 270.01 
133 -18345.25 -10807.54 270.05 
134 -18345.37 -10807.54 269.93 
135 -18345.48 -10807.54 269.95 
136 -18345.59 -10807.54 269.93 
137 -18345.70 -10807.54 269.84 
138 -18345.81 -10807.54 270.04 
139 -18345.93 -10807.53 270.24 
140 -18346.05 -10807.53 270.42 
141 -18346.17 -10807.52 270.86 
142 -18346.28 -10807.52 271.10 
143 -18346.38 -10807.51 271.32 
144 -18346.49 -10807.51 271.39 
145 -18346.59 -10807.50 271.01 
146 -18346.69 -10807.50 270.61 
147 -18346.79 -10807.50 270.32 
148 -18346.90 -10807.50 269.90 
149 -18347.00 -10807.50 269.40 
150 -18347.10 -10807.51 269.13 
151 -18347.21 -10807.51 268.99 
152 -18347.32 -10807.51 268.98 
153 -18347.42 -10807.51 269.18 
154 -18347.53 -10807.51 269.21 
155 -18347.63 -10807.51 269.12 
156 -18347.74 -10807.51 269.01 
157 -18347.86 -10807.52 268.67 
158 -18347.97 -10807.52 268.38 
159 -18348.07 -10807.52 268.28 
160 -18348.18 -10807.53 268.33 
161 -18348.29 -10807.53 268.67 
162 -18348.39 -10807.53 268.95 
163 -18348.50 -10807.52 269.16 
164 -18348.61 -10807.52 269.59 
165 -18348.71 -10807.52 269.82 
166 -18348.82 -10807.52 269.84 
167 -18348.93 -10807.52 269.90 
168 -18349.04 -10807.52 269.68 
169 -18349.15 -10807.52 269.27 
170 -18349.26 -10807.52 269.17 
171 -18349.37 -10807.52 269.11 
172 -18349.47 -10807.52 269.10 
173 -18349.58 -10807.52 269.34 
174 -18349.69 -10807.52 269.50 
175 -18349.80 -10807.52 269.72 
176 -18349.90 -10807.52 270.14 
177 -18350.01 -10807.51 270.34 
178 -18350.12 -10807.51 270.17 
179 -18350.22 -10807.51 270.10 
180 -18350.33 -10807.51 269.86 
181 -18350.43 -10807.51 269.68 
182 -18350.54 -10807.51 269.91 
183 -18350.64 -10807.51 270.07 
184 -18350.75 -10807.51 270.16 
185 -18350.86 -10807.50 270.32 
186 -18350.97 -10807.50 270.29 
187 -18351.07 -10807.50 270.19 
188 -18351.17 -10807.50 270.18 
189 -18351.27 -10807.50 269.91 
190 -18351.37 -10807.50 269.51 
191 -18351.48 -10807.50 269.35 
192 -18351.58 -10807.50 269.14 
193 -18351.68 -10807.50 269.04 
194 -18351.78 -10807.51 269.24 
195 -18351.88 -10807.50 269.49 
196 -18351.98 -10807.50 269.72 
197 -18352.08 -10807.50 270.10 
198 -18352.17 -10807.50 270.18 
199 -18352.27 -10807.50 270.13 
200 -18352.36 -10807.50 270.14 
201 -18352.46 -10807.50 270.02 
202 -18352.56 -10807.50 269.69 
203 -18352.65 -10807.50 269.35 
204 -18352.74 -10807.50 269.19 
205 -18352.83 -10807.50 269.15 
206 -18352.92 -10807.50 269.10 
207 -18353.02 -10807.50 269.37 
208 -18353.12 -10807.50 269.65 
209 -18353.21 -10807.50 269.87 
210 -18353.30 -10807.50 270.15 
211 -18353.39 -10807.50 270.29 
212 -18353.49 -10807.49 270.36 
213 -18353.58 -10807.49 270.49 
214 -18353.68 -10807.49 270.67 
215 -18353.77 -10807.49 270.61 
216 -18353.85 -10807.49 270.36 
217 -18353.94 -10807.49 270.18 
218 -18354.04 -10807.49 269.93 
219 -18354.13 -10807.49 269.68 
220 -18354.22 -10807.49 269.67 
221 -18354.31 -10807.49 269.82 
222 -18354.40 -10807.49 269.68 
223 -18354.49 -10807.49 269.34 
224 -18354.59 -10807.49 269.18 
225 -18354.68 -10807.50 268.95 
226 -18354.77 -10807.50 268.76 
227 -18354.86 -10807.50 268.87 
228 -18354.95 -10807.50 269.18 
229 -18355.03 -10807.49 269.39 
230 -18355.12 -10807.49 269.55 
231 -18355.22 -10807.49 269.95 
232 -18355.31 -10807.49 270.24 
233 -18355.40 -10807.49 270.45 
234 -18355.48 -10807.48 270.78 
235 -18355.57 -10807.48 271.09 
236 -18355.66 -10807.48 271.10 
237 -18355.75 -10807.47 270.88 
238 -18355.84 -10807.47 270.69 
239 -18355.93 -10807.47 270.38 
240 -18356.02 -10807.48 270.08 
241 -18356.11 -10807.48 270.01 
242 -18356.20 -10807.48 270.16 
243 -18356.30 -10807.48 270.30 
244 -18356.39 -10807.47 270.42 
245 -18356.49 -10807.47 270.63 
246 -18356.58 -10807.47 270.62 
247 -18356.67 -10807.47 270.39 
248 -18356.76 -10807.47 270.25 
249 -18356.86 -10807.47 270.09 
250 -18356.95 -10807.47 269.96 
251 -18357.04 -10807.47 269.84 
252 -18357.12 -10807.47 269.82 
253 -18357.21 -10807.48 269.56 
254 -18357.31 -10807.48 269.18 
255 -18357.40 -10807.48 269.09 
256 -18357.49 -10807.48 269.19 
257 -18357.58 -10807.48 269.13 
258 -18357.67 -10807.48 268.94 
259 -18357.76 -10807.49 268.96 
260 -18357.84 -10807.49 268.85 
261 -18357.93 -10807.49 268.79 
262 -18358.01 -10807.49 269.01 
263 -18358.10 -10807.49 269.21 
264 -18358.18 -10807.49 269.25 
265 -18358.26 -10807.49 269.15 
266 -18358.35 -10807.49 269.25 
267 -18358.43 -10807.49 269.24 
268 -18358.52 -10807.49 269.20 
269 -18358.60 -10807.49 269.12 
270 -18358.68 -10807.49 269.19 
271 -18358.77 -10807.50 269.07 
272 -18358.86 -10807.50 268.62 
273 -18358.95 -10807.51 268.22 
274 -18359.03 -10807.51 267.91 
275 -18359.12 -10807.52 267.61 
276 -18359.20 -10807.53 267.41 
277 -18359.29 -10807.53 267.34 
278 -18359.38 -10807.54 267.11 
279 -18359.47 -10807.54 266.93 
280 -18359.56 -10807.55 266.93 
281 -18359.64 -10807.56 267.09 
282 -18359.72 -10807.56 267.11 
283 -18359.80 -10807.57 266.91 
284 -18359.88 -10807.58 266.69 
285 -18359.96 -10807.58 266.47 
286 -18360.05 -10807.59 266.41 
287 -18360.12 -10807.60 266.48 
288 -18360.20 -10807.60 266.97 
289 -18360.28 -10807.60 267.41 
290 -18360.36 -10807.60 267.86 
291 -18360.44 -10807.60 268.27 
292 -18360.53 -10807.60 269.06 
293 -18360.61 -10807.59 270.01 
294 -18360.69 -10807.59 271.02 
295 -18360.77 -10807.58 271.79 
296 -18360.85 -10807.57 272.55 
297 -18360.93 -10807.57 272.98 
298 -18361.02 -10807.56 273.06 
299 -18361.11 -10807.56 272.80 
300 -18361.19 -10807.55 272.44 
301 -18361.27 -10807.55 271.82 
302 -18361.34 -10807.55 271.20 
303 -18361.42 -10807.55 270.83 
304 -18361.51 -10807.55 271.04 
305 -18361.60 -10807.54 271.46 
306 -18361.68 -10807.54 271.76 
307 -18361.76 -10807.53 272.15 
308 -18361.83 -10807.52 272.60 
309 -18361.91 -10807.51 272.88 
310 -18361.99 -10807.51 272.96 
311 -18362.07 -10807.50 272.69 
312 -18362.14 -10807.50 272.28 
313 -18362.22 -10807.50 271.90 
314 -18362.29 -10807.50 271.74 
315 -18362.36 -10807.50 271.69 
316 -18362.43 -10807.50 271.90 
317 -18362.51 -10807.49 272.00 
318 -18362.59 -10807.49 271.94 
319 -18362.66 -10807.49 271.85 
320 -18362.72 -10807.49 272.07 
321 -18362.78 -10807.48 272.43 
322 -18362.84 -10807.48 272.79 
323 -18362.89 -10807.48 273.11 
324 -18362.94 -10807.47 273.35 
325 -18363.00 -10807.47 273.58 
326 -18363.06 -10807.46 273.79 
327 -18363.12 -10807.46 273.80 
328 -18363.19 -10807.46 273.56 
329 -18363.26 -10807.46 273.16 
330 -18363.34 -10807.45 272.80 
331 -18363.41 -10807.45 272.57 
332 -18363.48 -10807.45 272.22 
333 -18363.54 -10807.45 271.57 
334 -18363.60 -10807.46 270.77 
335 -18363.65 -10807.46 270.13 
336 -18363.72 -10807.47 269.53 
337 -18363.78 -10807.47 268.82 
338 -18363.83 -10807.48 268.10 
339 -18363.89 -10807.48 267.61 
340 -18363.95 -10807.49 267.28 
341 -18364.02 -10807.49 267.14 
342 -18364.09 -10807.50 267.18 
343 -18364.16 -10807.50 267.42 
344 -18364.23 -10807.50 267.87 
345 -18364.29 -10807.50 268.76 
346 -18364.35 -10807.50 269.55 
347 -18364.41 -10807.50 270.16 
348 -18364.47 -10807.50 270.62 
349 -18364.54 -10807.50 270.77 
350 -18364.60 -10807.50 270.63 
351 -18364.67 -10807.50 270.08 
352 -18364.74 -10807.51 269.21 
353 -18364.80 -10807.52 268.31 
354 -18364.85 -10807.52 267.73 
355 -18364.91 -10807.53 267.58 
356 -18364.96 -10807.53 268.07 
357 -18365.02 -10807.52 268.76 
358 -18365.07 -10807.52 269.46 
359 -18365.12 -10807.52 270.06 
360 -18365.16 -10807.51 270.59 
361 -18365.20 -10807.51 270.92 
362 -18365.24 -10807.51 271.22 
363 -18365.28 -10807.51 271.39 
364 -18365.32 -10807.50 271.45 
365 -18365.35 -10807.50 271.42 
366 -18365.37 -10807.50 271.24 
367 -18365.38 -10807.50 270.94 
368 -18365.39 -10807.50 270.73 
369 -18365.39 -10807.50 270.69 
370 -18365.39 -10807.50 270.81 
371 -18365.38 -10807.50 270.86 
372 -18365.37 -10807.50 270.94 
373 -18365.36 -10807.49 271.03 
374 -18365.36 -10807.49 271.11 
375 -18365.35 -10807.49 271.19 
376 -18365.34 -10807.49 271.25 
377 -18365.34 -10807.48 271.33 
378 -18365.33 -10807.48 271.49 
379 -18365.33 -10807.48 271.45 
380 -18365.33 -10807.48 271.19 
381 -18365.32 -10807.48 270.80 
382 -18365.31 -10807.48 270.65 
383 -18365.30 -10807.48 271.10 
384 -18365.29 -10807.47 272.26 
385 -18365.28 -10807.46 273.92 
386 -18365.27 -10807.45 275.90 
387 -18365.26 -10807.44 277.90 
388 -18365.25 -10807.43 279.86 
389 -18365.24 -10807.42 281.76 
390 -18365.23 -10807.40 283.71 
391 -18365.21 -10807.39 285.97 
392 -18365.19 -10807.37 288.39 
393 -18365.18 -10807.36 290.76 
394 -18365.16 -10807.35 292.89 
395 -18365.14 -10807.34 294.86 
396 -18365.13 -10807.33 297.16 
397 -18365.11 -10807.31 300.19 
398 -18365.08 -10807.29 303.93 
399 -18365.06 -10807.27 308.00 
400 -18365.04 -10807.25 312.09 
401 -18365.02 -10807.23 316.10 
402 -18365.00 -10807.21 320.04 
403 -18364.98 -10807.19 323.76 
404 -18364.96 -10807.17 326.87 
405 -18364.95 -10807.16 328.93 
406 -18364.95 -10807.14 329.87 
407 -18364.96 -10807.13 330.39 
408 -18364.96 -10807.12 331.06 
409 -18364.95 -10807.11 331.77 
410 -18364.95 -10807.11 332.35 
411 -18364.95 -10807.10 332.70 
412 -18364.95 -10807.09 333.01 
413 -18364.95 -10807.09 333.33 
414 -18364.95 -10807.09 333.58 
415 -18364.95 -10807.08 333.80 
416 -18364.94 -10807.08 334.03 
417 -18364.94 -10807.07 334.26 
418 -18364.94 -10807.07 334.50 
419 -18364.94 -10807.06 334.72 
420 -18364.94 -10807.06 334.86 
421 -18364.94 -10807.06 334.90 
422 -18364.94 -10807.06 334.88 
423 -18364.94 -10807.06 334.81 
424 -18364.94 -10807.05 334.75 
425 -18364.94 -10807.05 334.74 
426 -18364.94 -10807.05 334.75 
427 -18364.93 -10807.05 334.76 
428 -18364.93 -10807.04 334.79 
429 -18364.93 -10807.04 334.84 
430 -18364.93 -10807.04 334.91 
431 -18364.92 -10807.03 334.97 
432 -18364.92 -10807.03 335.02 
433 -18364.91 -10807.02 335.09 
434 -18364.91 -10807.02 335.15 
435 -18364.90 -10807.02 335.22 
436 -18364.90 -10807.01 335.27 
437 -18364.89 -10807.01 335.29 
438 -18364.89 -10807.01 335.25 
439 -18364.88 -10807.00 335.08 
440 -18364.88 -10807.01 334.77 
441 -18364.88 -10807.01 334.25 
442 -18364.88 -10807.02 334.11 
443 -18364.87 -10807.01 335.69 
444 -18364.85 -10807.01 339.61 
445 -18364.81 -10807.00 345.26 
446 -18364.77 -10806.99 351.76 
447 -18364.72 -10806.98 358.60 
448 -18364.68 -10806.98 5.01 
449 -18364.64 -10806.97 10.70 
450 -18364.60 -10806.97 15.58 
451 -18364.57 -10806.96 19.70 
452 -18364.53 -10806.95 23.19 
453 -18364.50 -10806.94 26.23 
454 -18364.47 -10806.93 28.84 
455 -18364.45 -10806.92 31.10 
456 -18364.42 -10806.91 33.10 
457 -18364.40 -10806.90 34.81 
458 -18364.38 -10806.89 36.21 
459 -18364.36 -10806.88 37.69 
460 -18364.33 -10806.88 39.17 
461 -18364.32 -10806.87 40.52 
462 -18364.30 -10806.87 41.75 
463 -18364.28 -10806.86 42.84 
464 -18364.26 -10806.86 43.87 
465 -18364.25 -10806.86 44.81 
466 -18364.24 -10806.86 45.67 
467 -18364.22 -10806.85 46.33 
468 -18364.21 -10806.85 47.34 
469 -18364.18 -10806.85 48.86 
470 -18364.16 -10806.84 50.83 
471 -18364.13 -10806.84 53.18 
472 -18364.09 -10806.84 56.12 
473 -18364.06 -10806.85 59.75 
474 -18364.02 -10806.86 63.94 
475 -18363.98 -10806.88 68.71 
476 -18363.94 -10806.90 74.06 
477 -18363.90 -10806.93 79.50 
478 -18363.85 -10806.96 84.48 
479 -18363.81 -10806.99 88.44 
480 -18363.77 -10807.01 91.57 
481 -18363.72 -10807.03 93.92 
482 -18363.67 -10807.05 95.53 
483 -18363.62 -10807.07 96.52 
484 -18363.57 -10807.08 96.95 
485 -18363.51 -10807.09 96.88 
486 -18363.46 -10807.09 96.36 
487 -18363.40 -10807.10 95.53 
488 -18363.34 -10807.10 94.40 
489 -18363.28 -10807.10 93.02 
490 -18363.22 -10807.09 91.69 
491 -18363.16 -10807.09 90.49 
492 -18363.10 -10807.08 89.44 
493 -18363.05 -10807.08 88.59 
494 -18362.99 -10807.07 88.02 
495 -18362.95 -10807.07 87.75 
496 -18362.92 -10807.07 87.79 
497 -18362.90 -10807.07 87.95 
498 -18362.88 -10807.08 88.14 
499 -18362.88 -10807.08 88.24 
500 -18362.88 -10807.08 88.20 
501 -18362.88 -10807.07 88.15 
502 -18362.87 -10807.07 88.13 
503 -18362.87 -10807.07 88.10 
504 -18362.87 -10807.07 88.12 
505 -18362.87 -10807.07 88.12 
506 -18362.87 -10807.06 88.11 
507 -18362.86 -10807.06 88.11 
508 -18362.86 -10807.06 88.11 
