0 -18363.90 -10807.98 96.87 
1 -18363.90 -10807.98 96.74 
2 -18363.90 -10807.97 96.42 
3 -18363.90 -10807.97 96.00 
4 -18363.90 -10807.97 95.59 
5 -18363.90 -10807.97 95.34 
6 -18363.90 -10807.97 95.08 
7 -18363.90 -10807.97 94.92 
8 -18363.89 -10807.97 95.03 
9 -18363.88 -10807.97 95.63 
10 -18363.86 -10807.98 96.85 
11 -18363.83 -10808.00 98.20 
12 -18363.79 -10808.01 99.02 
13 -18363.75 -10808.02 98.81 
14 -18363.71 -10808.02 97.58 
15 -18363.67 -10808.01 95.60 
16 -18363.64 -10808.00 93.59 
17 -18363.60 -10807.99 92.19 
18 -18363.55 -10807.99 91.59 
19 -18363.49 -10807.99 91.01 
20 -18363.44 -10807.99 90.51 
21 -18363.38 -10807.98 90.14 
22 -18363.33 -10807.98 89.97 
23 -18363.28 -10807.98 89.87 
24 -18363.22 -10807.98 89.99 
25 -18363.16 -10807.99 90.20 
26 -18363.10 -10807.99 90.18 
27 -18363.05 -10807.99 90.09 
28 -18362.98 -10807.99 90.13 
29 -18362.92 -10807.99 90.19 
30 -18362.86 -10807.99 90.35 
31 -18362.80 -10807.99 90.22 
32 -18362.74 -10807.99 89.87 
33 -18362.67 -10807.99 89.64 
34 -18362.61 -10807.99 89.43 
35 -18362.55 -10807.99 89.42 
36 -18362.49 -10807.99 89.43 
37 -18362.42 -10807.99 89.34 
38 -18362.36 -10807.99 89.44 
39 -18362.29 -10807.99 89.68 
40 -18362.21 -10807.99 90.18 
41 -18362.14 -10808.00 90.52 
42 -18362.07 -10808.00 90.81 
43 -18362.01 -10808.00 90.84 
44 -18361.94 -10808.00 90.70 
45 -18361.87 -10808.00 90.19 
46 -18361.80 -10807.99 89.38 
47 -18361.73 -10807.99 88.66 
48 -18361.66 -10807.99 88.21 
49 -18361.60 -10807.98 88.09 
50 -18361.54 -10807.98 87.96 
51 -18361.48 -10807.98 87.90 
52 -18361.42 -10807.98 87.95 
53 -18361.36 -10807.98 88.09 
54 -18361.30 -10807.98 88.37 
55 -18361.23 -10807.98 88.56 
56 -18361.17 -10807.98 88.63 
57 -18361.10 -10807.98 88.43 
58 -18361.03 -10807.97 88.16 
59 -18360.97 -10807.97 87.85 
60 -18360.90 -10807.96 87.47 
61 -18360.83 -10807.96 87.29 
62 -18360.75 -10807.96 87.29 
63 -18360.68 -10807.95 87.66 
64 -18360.60 -10807.95 88.07 
65 -18360.53 -10807.96 88.42 
66 -18360.45 -10807.96 88.62 
67 -18360.37 -10807.96 88.91 
68 -18360.29 -10807.96 89.07 
69 -18360.21 -10807.96 89.34 
70 -18360.12 -10807.96 89.58 
71 -18360.05 -10807.96 89.90 
72 -18359.97 -10807.96 89.98 
73 -18359.89 -10807.96 89.82 
74 -18359.80 -10807.96 89.68 
75 -18359.71 -10807.96 89.76 
76 -18359.63 -10807.96 89.59 
77 -18359.55 -10807.96 89.46 
78 -18359.46 -10807.95 89.46 
79 -18359.38 -10807.95 89.61 
80 -18359.30 -10807.95 89.77 
81 -18359.22 -10807.95 90.07 
82 -18359.13 -10807.95 90.56 
83 -18359.05 -10807.96 91.02 
84 -18358.97 -10807.96 91.26 
85 -18358.89 -10807.96 91.18 
86 -18358.81 -10807.97 91.14 
87 -18358.72 -10807.97 90.70 
88 -18358.64 -10807.96 90.09 
89 -18358.55 -10807.96 89.44 
90 -18358.47 -10807.96 89.22 
91 -18358.40 -10807.96 88.99 
92 -18358.31 -10807.96 88.90 
93 -18358.23 -10807.96 88.98 
94 -18358.15 -10807.96 89.23 
95 -18358.06 -10807.96 89.28 
96 -18357.98 -10807.96 89.32 
97 -18357.90 -10807.96 89.46 
98 -18357.82 -10807.96 89.51 
99 -18357.74 -10807.96 89.49 
100 -18357.65 -10807.96 89.46 
101 -18357.57 -10807.96 89.63 
102 -18357.48 -10807.96 89.71 
103 -18357.40 -10807.96 89.78 
104 -18357.32 -10807.97 89.78 
105 -18357.23 -10807.97 89.94 
106 -18357.15 -10807.97 89.90 
107 -18357.06 -10807.97 89.87 
108 -18356.98 -10807.97 89.88 
109 -18356.90 -10807.97 89.97 
110 -18356.82 -10807.97 89.95 
111 -18356.73 -10807.98 89.92 
112 -18356.64 -10807.98 89.84 
113 -18356.55 -10807.97 89.62 
114 -18356.47 -10807.97 89.30 
115 -18356.38 -10807.97 88.94 
116 -18356.30 -10807.97 88.91 
117 -18356.22 -10807.97 88.81 
118 -18356.13 -10807.97 88.81 
119 -18356.05 -10807.97 89.04 
120 -18355.96 -10807.98 89.55 
121 -18355.87 -10807.98 89.96 
122 -18355.79 -10807.98 90.05 
123 -18355.71 -10807.99 89.97 
124 -18355.63 -10807.98 89.56 
125 -18355.55 -10807.98 88.81 
126 -18355.46 -10807.97 87.95 
127 -18355.38 -10807.97 87.37 
128 -18355.30 -10807.96 86.89 
129 -18355.22 -10807.95 86.51 
130 -18355.14 -10807.95 86.15 
131 -18355.06 -10807.94 86.12 
132 -18354.97 -10807.94 86.19 
133 -18354.88 -10807.93 86.63 
134 -18354.80 -10807.93 87.14 
135 -18354.71 -10807.93 87.59 
136 -18354.63 -10807.93 87.75 
137 -18354.54 -10807.93 87.78 
138 -18354.46 -10807.92 87.91 
139 -18354.37 -10807.92 87.96 
140 -18354.29 -10807.92 87.93 
141 -18354.21 -10807.92 87.93 
142 -18354.13 -10807.91 88.13 
143 -18354.05 -10807.91 88.12 
144 -18353.96 -10807.91 88.07 
145 -18353.88 -10807.91 87.89 
146 -18353.80 -10807.91 87.88 
147 -18353.72 -10807.90 87.63 
148 -18353.64 -10807.90 87.23 
149 -18353.55 -10807.89 86.45 
150 -18353.47 -10807.89 85.82 
151 -18353.39 -10807.88 85.15 
152 -18353.31 -10807.87 84.85 
153 -18353.22 -10807.87 84.99 
154 -18353.14 -10807.86 85.22 
155 -18353.05 -10807.86 85.42 
156 -18352.97 -10807.85 85.84 
157 -18352.88 -10807.85 86.69 
158 -18352.79 -10807.85 87.48 
159 -18352.70 -10807.86 88.20 
160 -18352.61 -10807.86 88.83 
161 -18352.52 -10807.86 89.51 
162 -18352.43 -10807.86 89.91 
163 -18352.34 -10807.87 90.17 
164 -18352.26 -10807.87 90.21 
165 -18352.17 -10807.87 89.95 
166 -18352.09 -10807.87 89.63 
167 -18352.01 -10807.87 89.29 
168 -18351.93 -10807.87 89.22 
169 -18351.84 -10807.87 89.11 
170 -18351.76 -10807.87 89.17 
171 -18351.67 -10807.87 89.36 
172 -18351.60 -10807.88 89.75 
173 -18351.52 -10807.88 90.04 
174 -18351.44 -10807.88 90.21 
175 -18351.36 -10807.89 90.29 
176 -18351.27 -10807.89 90.37 
177 -18351.19 -10807.89 90.24 
178 -18351.10 -10807.89 90.07 
179 -18351.02 -10807.90 89.99 
180 -18350.94 -10807.90 89.88 
181 -18350.85 -10807.90 89.80 
182 -18350.77 -10807.90 89.84 
183 -18350.68 -10807.90 90.25 
184 -18350.59 -10807.91 90.66 
185 -18350.51 -10807.92 90.99 
186 -18350.42 -10807.92 91.16 
187 -18350.34 -10807.92 91.23 
188 -18350.25 -10807.93 90.82 
189 -18350.16 -10807.93 90.22 
190 -18350.08 -10807.92 89.76 
191 -18350.00 -10807.92 89.47 
192 -18349.91 -10807.92 89.10 
193 -18349.83 -10807.92 88.70 
194 -18349.74 -10807.92 88.50 
195 -18349.66 -10807.91 88.47 
196 -18349.57 -10807.91 88.66 
197 -18349.49 -10807.91 88.88 
198 -18349.40 -10807.91 89.23 
199 -18349.32 -10807.91 89.20 
200 -18349.24 -10807.90 89.03 
201 -18349.15 -10807.90 88.81 
202 -18349.06 -10807.90 88.65 
203 -18348.98 -10807.89 88.43 
204 -18348.90 -10807.89 88.34 
205 -18348.82 -10807.89 88.59 
206 -18348.74 -10807.88 88.90 
207 -18348.65 -10807.88 89.25 
208 -18348.56 -10807.89 89.57 
209 -18348.47 -10807.89 89.98 
210 -18348.39 -10807.88 89.96 
211 -18348.31 -10807.88 89.94 
212 -18348.23 -10807.88 89.88 
213 -18348.14 -10807.88 89.79 
214 -18348.05 -10807.88 89.55 
215 -18347.96 -10807.88 89.20 
216 -18347.88 -10807.88 89.19 
217 -18347.80 -10807.88 89.06 
218 -18347.71 -10807.88 88.88 
219 -18347.63 -10807.88 88.61 
220 -18347.54 -10807.88 88.53 
221 -18347.45 -10807.88 88.31 
222 -18347.37 -10807.88 88.22 
223 -18347.29 -10807.88 88.28 
224 -18347.21 -10807.88 88.55 
225 -18347.13 -10807.88 88.78 
226 -18347.06 -10807.88 89.09 
227 -18346.99 -10807.89 89.42 
228 -18346.93 -10807.89 89.69 
229 -18346.88 -10807.89 89.63 
230 -18346.84 -10807.89 89.43 
231 -18346.80 -10807.89 89.23 
232 -18346.77 -10807.89 88.84 
233 -18346.73 -10807.89 88.29 
234 -18346.69 -10807.88 87.78 
235 -18346.65 -10807.88 87.39 
236 -18346.62 -10807.87 86.88 
237 -18346.58 -10807.87 86.19 
238 -18346.54 -10807.86 85.37 
239 -18346.50 -10807.85 84.53 
240 -18346.46 -10807.84 83.72 
241 -18346.42 -10807.83 82.93 
242 -18346.38 -10807.82 82.41 
243 -18346.34 -10807.81 82.14 
244 -18346.29 -10807.80 82.18 
245 -18346.24 -10807.80 82.75 
246 -18346.18 -10807.80 84.16 
247 -18346.12 -10807.81 86.26 
248 -18346.06 -10807.82 88.12 
249 -18346.01 -10807.82 89.47 
250 -18345.95 -10807.82 90.14 
251 -18345.90 -10807.82 90.33 
252 -18345.84 -10807.82 90.47 
253 -18345.78 -10807.82 90.54 
254 -18345.72 -10807.82 90.54 
255 -18345.66 -10807.83 90.29 
256 -18345.59 -10807.83 89.94 
257 -18345.53 -10807.83 89.71 
258 -18345.46 -10807.83 89.56 
259 -18345.39 -10807.83 89.71 
260 -18345.32 -10807.83 89.77 
261 -18345.25 -10807.83 89.77 
262 -18345.18 -10807.84 89.81 
263 -18345.11 -10807.84 89.95 
264 -18345.04 -10807.84 89.97 
265 -18344.97 -10807.84 89.54 
266 -18344.90 -10807.83 88.98 
267 -18344.83 -10807.83 88.32 
268 -18344.77 -10807.83 87.94 
269 -18344.70 -10807.82 87.46 
270 -18344.63 -10807.82 86.97 
271 -18344.56 -10807.81 86.89 
272 -18344.48 -10807.81 87.11 
273 -18344.41 -10807.81 87.49 
274 -18344.34 -10807.81 87.68 
275 -18344.27 -10807.80 87.80 
276 -18344.21 -10807.80 87.93 
277 -18344.15 -10807.80 88.34 
278 -18344.09 -10807.80 88.93 
279 -18344.05 -10807.81 89.47 
280 -18344.01 -10807.81 90.04 
281 -18343.99 -10807.81 90.48 
282 -18343.97 -10807.81 90.82 
283 -18343.95 -10807.81 91.03 
284 -18343.94 -10807.82 91.06 
285 -18343.93 -10807.82 90.99 
286 -18343.92 -10807.82 90.97 
287 -18343.91 -10807.82 90.92 
288 -18343.90 -10807.82 90.84 
289 -18343.89 -10807.82 90.78 
290 -18343.88 -10807.82 90.67 
291 -18343.87 -10807.82 90.55 
292 -18343.85 -10807.83 90.48 
293 -18343.84 -10807.83 90.30 
294 -18343.82 -10807.82 89.97 
295 -18343.80 -10807.82 89.63 
296 -18343.78 -10807.82 89.35 
297 -18343.77 -10807.82 89.11 
298 -18343.75 -10807.82 88.71 
299 -18343.73 -10807.82 88.26 
300 -18343.72 -10807.81 87.79 
301 -18343.70 -10807.81 87.35 
302 -18343.68 -10807.81 86.85 
303 -18343.67 -10807.80 86.23 
304 -18343.65 -10807.80 85.50 
305 -18343.63 -10807.79 84.58 
306 -18343.61 -10807.78 83.39 
307 -18343.58 -10807.76 82.11 
308 -18343.55 -10807.75 80.83 
309 -18343.51 -10807.73 79.85 
310 -18343.47 -10807.72 79.45 
311 -18343.42 -10807.71 79.65 
312 -18343.37 -10807.71 80.28 
313 -18343.32 -10807.70 81.12 
314 -18343.27 -10807.70 82.02 
315 -18343.22 -10807.70 82.86 
316 -18343.17 -10807.70 83.55 
317 -18343.11 -10807.69 83.73 
318 -18343.05 -10807.68 83.67 
319 -18342.99 -10807.68 83.56 
320 -18342.92 -10807.67 83.47 
321 -18342.86 -10807.66 83.50 
322 -18342.80 -10807.65 83.58 
323 -18342.73 -10807.65 83.71 
324 -18342.66 -10807.64 83.82 
325 -18342.59 -10807.64 84.11 
326 -18342.53 -10807.64 84.83 
327 -18342.46 -10807.64 85.70 
328 -18342.40 -10807.64 86.72 
329 -18342.33 -10807.65 87.68 
330 -18342.25 -10807.65 88.64 
331 -18342.18 -10807.65 89.32 
332 -18342.10 -10807.66 89.79 
333 -18342.02 -10807.66 90.17 
334 -18341.95 -10807.67 90.54 
335 -18341.89 -10807.68 90.99 
336 -18341.82 -10807.68 91.11 
337 -18341.74 -10807.69 91.08 
338 -18341.67 -10807.69 90.84 
339 -18341.58 -10807.69 90.81 
340 -18341.50 -10807.70 90.68 
341 -18341.42 -10807.70 90.74 
342 -18341.34 -10807.71 90.83 
343 -18341.27 -10807.72 91.22 
344 -18341.18 -10807.72 91.36 
345 -18341.10 -10807.73 91.39 
346 -18341.02 -10807.73 91.30 
347 -18340.94 -10807.74 91.41 
348 -18340.86 -10807.74 91.33 
349 -18340.78 -10807.74 91.18 
350 -18340.70 -10807.75 91.06 
351 -18340.62 -10807.75 91.15 
352 -18340.54 -10807.76 91.18 
353 -18340.46 -10807.76 91.31 
354 -18340.38 -10807.77 91.55 
355 -18340.31 -10807.78 91.83 
356 -18340.24 -10807.78 91.92 
357 -18340.19 -10807.78 91.95 
358 -18340.14 -10807.79 91.90 
359 -18340.10 -10807.79 91.77 
360 -18340.07 -10807.79 91.53 
361 -18340.03 -10807.79 91.33 
362 -18339.99 -10807.80 90.95 
363 -18339.95 -10807.80 90.46 
364 -18339.91 -10807.79 89.98 
365 -18339.86 -10807.79 89.44 
366 -18339.80 -10807.78 88.69 
367 -18339.75 -10807.78 87.87 
368 -18339.69 -10807.77 86.90 
369 -18339.63 -10807.76 85.71 
370 -18339.57 -10807.75 84.68 
371 -18339.50 -10807.74 84.08 
372 -18339.42 -10807.73 84.26 
373 -18339.34 -10807.73 85.24 
374 -18339.25 -10807.73 86.64 
375 -18339.16 -10807.74 88.06 
376 -18339.08 -10807.75 89.43 
377 -18339.00 -10807.75 90.48 
378 -18338.91 -10807.76 91.20 
379 -18338.82 -10807.77 91.66 
380 -18338.73 -10807.78 92.31 
381 -18338.63 -10807.78 92.62 
382 -18338.54 -10807.79 92.83 
383 -18338.45 -10807.79 92.54 
384 -18338.35 -10807.79 91.80 
385 -18338.26 -10807.79 90.82 
386 -18338.17 -10807.79 90.00 
387 -18338.08 -10807.79 89.66 
388 -18338.00 -10807.79 89.30 
389 -18337.92 -10807.79 88.96 
390 -18337.84 -10807.79 88.75 
391 -18337.76 -10807.79 88.53 
392 -18337.68 -10807.79 88.23 
393 -18337.60 -10807.79 88.00 
394 -18337.53 -10807.79 88.03 
395 -18337.45 -10807.79 88.13 
396 -18337.36 -10807.78 88.54 
397 -18337.28 -10807.79 88.92 
398 -18337.21 -10807.79 89.40 
399 -18337.13 -10807.79 89.65 
400 -18337.06 -10807.79 89.74 
401 -18336.99 -10807.79 89.79 
402 -18336.93 -10807.79 90.08 
403 -18336.88 -10807.79 90.16 
404 -18336.84 -10807.79 89.73 
405 -18336.80 -10807.78 88.70 
406 -18336.77 -10807.78 87.14 
407 -18336.74 -10807.76 85.25 
408 -18336.71 -10807.75 83.28 
409 -18336.67 -10807.74 81.51 
410 -18336.64 -10807.72 80.05 
411 -18336.59 -10807.71 78.90 
412 -18336.53 -10807.70 78.16 
413 -18336.46 -10807.68 77.90 
414 -18336.38 -10807.67 78.19 
415 -18336.30 -10807.65 78.85 
416 -18336.21 -10807.64 80.05 
417 -18336.11 -10807.64 81.89 
418 -18336.01 -10807.64 83.99 
419 -18335.92 -10807.65 86.23 
420 -18335.83 -10807.65 88.08 
421 -18335.75 -10807.66 89.54 
422 -18335.66 -10807.67 90.57 
423 -18335.57 -10807.67 90.79 
424 -18335.48 -10807.67 90.34 
425 -18335.39 -10807.67 89.64 
426 -18335.30 -10807.67 89.31 
427 -18335.22 -10807.66 88.75 
428 -18335.13 -10807.66 88.22 
429 -18335.04 -10807.66 87.93 
430 -18334.94 -10807.66 87.92 
431 -18334.85 -10807.66 88.11 
432 -18334.76 -10807.66 88.51 
433 -18334.67 -10807.66 89.14 
434 -18334.59 -10807.66 89.55 
435 -18334.51 -10807.67 89.94 
436 -18334.42 -10807.66 90.17 
437 -18334.34 -10807.66 89.88 
438 -18334.25 -10807.66 89.30 
439 -18334.16 -10807.65 88.70 
440 -18334.08 -10807.64 88.50 
441 -18334.00 -10807.64 88.35 
442 -18333.91 -10807.63 88.19 
443 -18333.83 -10807.62 87.97 
444 -18333.74 -10807.62 87.78 
445 -18333.65 -10807.62 87.68 
446 -18333.57 -10807.62 88.06 
447 -18333.48 -10807.62 88.80 
448 -18333.39 -10807.63 89.41 
449 -18333.30 -10807.63 89.72 
450 -18333.22 -10807.63 89.66 
451 -18333.15 -10807.63 89.75 
452 -18333.08 -10807.63 89.68 
453 -18333.01 -10807.63 89.69 
454 -18332.94 -10807.64 89.67 
455 -18332.87 -10807.64 89.72 
456 -18332.81 -10807.64 89.82 
457 -18332.76 -10807.64 89.76 
458 -18332.72 -10807.65 89.70 
459 -18332.68 -10807.65 89.73 
460 -18332.65 -10807.65 89.64 
461 -18332.62 -10807.66 89.63 
462 -18332.59 -10807.66 89.68 
463 -18332.58 -10807.66 89.75 
464 -18332.56 -10807.66 89.79 
465 -18332.55 -10807.67 89.90 
466 -18332.54 -10807.67 90.05 
467 -18332.54 -10807.67 90.19 
468 -18332.53 -10807.67 90.25 
469 -18332.53 -10807.67 90.26 
470 -18332.53 -10807.67 90.24 
471 -18332.53 -10807.67 90.25 
472 -18332.53 -10807.68 90.25 
473 -18332.53 -10807.68 90.18 
474 -18332.53 -10807.68 90.16 
475 -18332.53 -10807.68 90.15 
476 -18332.53 -10807.68 90.17 
477 -18332.53 -10807.68 90.21 
478 -18332.53 -10807.68 90.20 
479 -18332.52 -10807.68 90.19 
480 -18332.52 -10807.68 90.23 
481 -18332.51 -10807.68 90.29 
482 -18332.51 -10807.68 90.41 
483 -18332.50 -10807.68 90.50 
484 -18332.50 -10807.68 90.56 
485 -18332.51 -10807.68 90.53 
486 -18332.51 -10807.68 90.47 
487 -18332.51 -10807.68 90.47 
488 -18332.51 -10807.68 90.49 
489 -18332.51 -10807.68 90.53 
490 -18332.52 -10807.68 90.54 
491 -18332.52 -10807.68 90.56 
492 -18332.52 -10807.68 90.58 
