0 -18345.24 -10810.12 289.20 
1 -18345.24 -10810.12 289.20 
2 -18345.24 -10810.12 289.20 
3 -18345.24 -10810.12 289.20 
4 -18345.24 -10810.12 289.20 
5 -18345.24 -10810.12 289.20 
6 -18345.24 -10810.12 289.20 
7 -18345.24 -10810.12 289.20 
8 -18345.24 -10810.12 289.20 
9 -18345.24 -10810.12 289.20 
10 -18345.24 -10810.12 289.20 
11 -18345.24 -10810.12 289.20 
12 -18345.24 -10810.12 289.20 
13 -18345.24 -10810.12 289.20 
14 -18345.24 -10810.12 289.20 
15 -18345.24 -10810.12 289.19 
16 -18345.24 -10810.12 289.19 
17 -18345.24 -10810.12 289.19 
18 -18345.24 -10810.12 289.19 
19 -18345.24 -10810.12 289.19 
20 -18345.24 -10810.12 289.19 
21 -18345.24 -10810.12 289.18 
22 -18345.24 -10810.12 289.31 
23 -18345.24 -10810.12 289.67 
24 -18345.24 -10810.12 290.20 
25 -18345.24 -10810.11 290.73 
26 -18345.24 -10810.11 291.42 
27 -18345.25 -10810.11 292.19 
28 -18345.25 -10810.11 292.93 
29 -18345.33 -10810.05 293.59 
30 -18345.34 -10810.05 293.60 
31 -18345.34 -10810.05 293.32 
32 -18345.34 -10810.05 292.88 
33 -18345.33 -10810.06 292.13 
34 -18345.33 -10810.07 291.56 
35 -18345.32 -10810.07 291.15 
36 -18345.32 -10810.07 291.09 
37 -18345.32 -10810.07 291.26 
38 -18345.33 -10810.06 291.64 
39 -18345.33 -10810.06 292.23 
40 -18345.34 -10810.05 292.69 
41 -18345.35 -10810.05 292.55 
42 -18345.36 -10810.05 292.08 
43 -18345.35 -10810.06 291.44 
44 -18345.35 -10810.06 290.64 
45 -18345.36 -10810.06 290.39 
46 -18345.36 -10810.06 290.69 
47 -18345.36 -10810.05 291.34 
48 -18345.36 -10810.05 292.08 
49 -18345.36 -10810.04 292.49 
50 -18345.36 -10810.04 292.45 
51 -18345.36 -10810.05 292.15 
52 -18345.37 -10810.05 291.91 
53 -18345.37 -10810.05 291.81 
54 -18345.37 -10810.05 291.62 
55 -18345.37 -10810.05 291.25 
56 -18345.38 -10810.05 290.71 
57 -18345.38 -10810.05 289.85 
58 -18345.40 -10810.06 288.62 
59 -18345.41 -10810.06 287.33 
60 -18345.42 -10810.07 286.37 
61 -18345.43 -10810.07 285.92 
62 -18345.44 -10810.07 285.86 
63 -18345.44 -10810.06 285.95 
64 -18345.45 -10810.06 285.99 
65 -18345.46 -10810.06 285.94 
66 -18345.47 -10810.06 285.99 
67 -18345.47 -10810.06 286.14 
68 -18345.47 -10810.05 286.43 
69 -18345.48 -10810.05 286.98 
70 -18345.49 -10810.04 287.98 
71 -18345.51 -10810.02 289.59 
72 -18345.52 -10810.00 291.71 
73 -18345.54 -10809.98 294.16 
74 -18345.55 -10809.95 296.52 
75 -18345.56 -10809.93 298.63 
76 -18345.57 -10809.91 300.36 
77 -18345.58 -10809.90 301.62 
78 -18345.58 -10809.89 302.45 
79 -18345.59 -10809.88 302.96 
80 -18345.59 -10809.88 303.23 
81 -18345.59 -10809.88 303.26 
82 -18345.59 -10809.88 303.33 
83 -18345.59 -10809.88 303.46 
84 -18345.59 -10809.88 303.56 
85 -18345.59 -10809.88 303.63 
86 -18345.59 -10809.87 303.78 
87 -18345.60 -10809.87 304.00 
88 -18345.60 -10809.87 304.24 
89 -18345.60 -10809.86 304.55 
90 -18345.60 -10809.86 304.93 
91 -18345.61 -10809.85 305.75 
92 -18345.62 -10809.83 307.04 
93 -18345.63 -10809.81 308.34 
94 -18345.64 -10809.79 309.39 
95 -18345.66 -10809.77 310.10 
96 -18345.68 -10809.75 310.32 
97 -18345.70 -10809.73 310.16 
98 -18345.73 -10809.72 309.38 
99 -18345.76 -10809.70 308.52 
100 -18345.79 -10809.69 307.30 
101 -18345.82 -10809.68 305.75 
102 -18345.85 -10809.67 304.10 
103 -18345.89 -10809.66 302.30 
104 -18345.93 -10809.65 300.37 
105 -18345.97 -10809.64 298.33 
106 -18346.02 -10809.63 296.23 
107 -18346.06 -10809.63 294.13 
108 -18346.10 -10809.62 292.28 
109 -18346.14 -10809.62 290.47 
110 -18346.19 -10809.62 288.75 
111 -18346.24 -10809.61 286.90 
112 -18346.30 -10809.61 284.85 
113 -18346.35 -10809.62 282.33 
114 -18346.40 -10809.63 279.79 
115 -18346.44 -10809.64 277.26 
116 -18346.48 -10809.65 274.88 
117 -18346.51 -10809.66 272.70 
118 -18346.53 -10809.68 270.86 
119 -18346.55 -10809.69 269.40 
120 -18346.56 -10809.70 268.35 
121 -18346.57 -10809.70 267.56 
122 -18346.57 -10809.71 267.03 
123 -18346.58 -10809.71 266.81 
124 -18346.58 -10809.71 266.76 
125 -18346.57 -10809.71 266.83 
126 -18346.57 -10809.71 266.96 
127 -18346.57 -10809.71 266.94 
128 -18346.57 -10809.71 266.87 
129 -18346.57 -10809.71 266.86 
130 -18346.57 -10809.71 266.87 
131 -18346.57 -10809.71 266.85 
132 -18346.57 -10809.71 266.85 
133 -18346.57 -10809.71 266.90 
134 -18346.57 -10809.71 266.92 
135 -18346.57 -10809.71 266.87 
136 -18346.57 -10809.71 266.82 
137 -18346.57 -10809.71 266.81 
138 -18346.57 -10809.71 266.84 
139 -18346.57 -10809.71 266.91 
140 -18346.57 -10809.72 266.87 
141 -18346.57 -10809.72 266.81 
142 -18346.57 -10809.72 266.85 
143 -18346.57 -10809.72 266.88 
144 -18346.57 -10809.72 266.85 
145 -18346.57 -10809.72 266.86 
146 -18346.57 -10809.72 266.88 
147 -18346.58 -10809.72 266.80 
148 -18346.58 -10809.73 266.74 
149 -18346.58 -10809.72 266.79 
150 -18346.58 -10809.72 266.78 
151 -18346.58 -10809.72 266.76 
152 -18346.58 -10809.72 266.84 
153 -18346.57 -10809.72 266.95 
154 -18346.57 -10809.72 266.91 
155 -18346.57 -10809.72 266.85 
156 -18346.57 -10809.72 266.88 
157 -18346.57 -10809.72 266.87 
158 -18346.57 -10809.72 266.86 
159 -18346.57 -10809.72 266.87 
160 -18346.57 -10809.72 266.86 
161 -18346.57 -10809.72 266.84 
162 -18346.57 -10809.72 266.90 
163 -18346.57 -10809.72 266.94 
164 -18346.57 -10809.72 266.96 
165 -18346.56 -10809.72 267.02 
166 -18346.56 -10809.72 267.07 
167 -18346.56 -10809.72 267.04 
168 -18346.56 -10809.72 266.96 
169 -18346.56 -10809.72 266.98 
170 -18346.56 -10809.71 267.02 
171 -18346.56 -10809.71 266.92 
172 -18346.56 -10809.71 266.81 
173 -18346.57 -10809.71 266.77 
174 -18346.57 -10809.71 266.75 
175 -18346.57 -10809.71 266.75 
176 -18346.57 -10809.71 266.75 
177 -18346.57 -10809.71 266.77 
178 -18346.57 -10809.71 266.70 
179 -18346.57 -10809.71 266.58 
180 -18346.57 -10809.71 266.52 
181 -18346.57 -10809.71 266.50 
182 -18346.57 -10809.71 266.47 
183 -18346.57 -10809.71 266.45 
184 -18346.57 -10809.71 266.45 
185 -18346.56 -10809.72 266.46 
186 -18346.56 -10809.72 266.47 
187 -18346.56 -10809.72 266.48 
188 -18346.56 -10809.72 266.50 
189 -18346.56 -10809.72 266.56 
190 -18346.56 -10809.72 266.59 
191 -18346.56 -10809.72 266.58 
192 -18346.56 -10809.72 266.56 
193 -18346.56 -10809.72 266.54 
194 -18346.56 -10809.72 266.46 
195 -18346.56 -10809.72 266.34 
196 -18346.56 -10809.72 266.15 
197 -18346.57 -10809.72 265.68 
198 -18346.58 -10809.73 264.89 
199 -18346.59 -10809.73 263.78 
200 -18346.60 -10809.74 262.72 
201 -18346.61 -10809.75 261.96 
202 -18346.63 -10809.75 261.70 
203 -18346.64 -10809.76 261.76 
204 -18346.66 -10809.76 262.15 
205 -18346.69 -10809.76 262.68 
206 -18346.71 -10809.76 263.18 
207 -18346.74 -10809.76 263.72 
208 -18346.76 -10809.76 264.34 
209 -18346.77 -10809.75 264.92 
210 -18346.78 -10809.75 265.37 
211 -18346.78 -10809.75 265.55 
212 -18346.79 -10809.75 265.56 
213 -18346.79 -10809.75 265.66 
214 -18346.79 -10809.75 265.74 
215 -18346.79 -10809.75 265.77 
216 -18346.79 -10809.75 265.87 
217 -18346.80 -10809.75 266.16 
218 -18346.80 -10809.75 266.47 
219 -18346.80 -10809.75 266.59 
220 -18346.80 -10809.75 266.47 
221 -18346.80 -10809.74 266.45 
222 -18346.80 -10809.74 266.51 
223 -18346.80 -10809.74 266.47 
224 -18346.80 -10809.74 266.40 
225 -18346.80 -10809.74 266.25 
226 -18346.79 -10809.74 266.09 
227 -18346.79 -10809.74 265.96 
228 -18346.78 -10809.74 265.83 
229 -18346.78 -10809.74 265.73 
230 -18346.78 -10809.74 265.64 
231 -18346.78 -10809.74 265.50 
232 -18346.77 -10809.75 265.30 
233 -18346.76 -10809.75 265.11 
234 -18346.76 -10809.75 264.79 
235 -18346.75 -10809.75 264.48 
236 -18346.73 -10809.75 264.08 
237 -18346.72 -10809.75 263.67 
238 -18346.71 -10809.75 263.27 
239 -18346.70 -10809.75 262.92 
240 -18346.69 -10809.76 262.65 
241 -18346.68 -10809.76 262.40 
242 -18346.68 -10809.76 262.20 
243 -18346.68 -10809.76 262.12 
244 -18346.68 -10809.75 262.12 
245 -18346.67 -10809.75 262.15 
246 -18346.67 -10809.75 262.16 
247 -18346.67 -10809.75 262.15 
248 -18346.67 -10809.75 262.13 
249 -18346.67 -10809.75 262.11 
250 -18346.67 -10809.75 262.12 
251 -18346.67 -10809.76 262.13 
252 -18346.67 -10809.76 262.15 
253 -18346.67 -10809.76 262.17 
254 -18346.67 -10809.76 262.20 
255 -18346.67 -10809.76 262.22 
256 -18346.67 -10809.76 262.19 
257 -18346.67 -10809.76 262.20 
258 -18346.67 -10809.76 262.21 
259 -18346.67 -10809.76 262.24 
260 -18346.67 -10809.76 262.25 
261 -18346.67 -10809.76 262.24 
262 -18346.67 -10809.76 262.22 
263 -18346.67 -10809.76 262.20 
264 -18346.67 -10809.76 262.23 
265 -18346.67 -10809.76 262.23 
266 -18346.67 -10809.76 262.23 
267 -18346.67 -10809.76 262.22 
268 -18346.67 -10809.76 262.15 
269 -18346.67 -10809.76 262.21 
270 -18346.68 -10809.76 262.35 
271 -18346.69 -10809.76 262.45 
272 -18346.71 -10809.76 262.55 
273 -18346.74 -10809.77 262.58 
274 -18346.77 -10809.77 262.55 
275 -18346.81 -10809.77 262.58 
276 -18346.86 -10809.78 262.65 
277 -18346.91 -10809.79 262.79 
278 -18346.95 -10809.79 263.17 
279 -18347.01 -10809.79 263.70 
280 -18347.06 -10809.79 264.14 
281 -18347.11 -10809.79 264.59 
282 -18347.17 -10809.80 264.89 
283 -18347.23 -10809.80 264.97 
284 -18347.29 -10809.80 264.86 
285 -18347.36 -10809.81 264.39 
286 -18347.42 -10809.82 263.88 
287 -18347.49 -10809.83 263.46 
288 -18347.55 -10809.84 262.92 
289 -18347.61 -10809.85 262.43 
290 -18347.67 -10809.86 261.83 
291 -18347.73 -10809.87 261.53 
292 -18347.79 -10809.88 261.53 
293 -18347.86 -10809.88 262.01 
294 -18347.92 -10809.88 262.91 
295 -18347.99 -10809.88 263.89 
296 -18348.06 -10809.88 264.91 
297 -18348.12 -10809.87 265.84 
298 -18348.19 -10809.87 266.57 
299 -18348.26 -10809.87 267.22 
300 -18348.33 -10809.86 267.67 
301 -18348.40 -10809.86 268.11 
302 -18348.48 -10809.86 268.29 
303 -18348.55 -10809.85 268.32 
304 -18348.63 -10809.85 268.27 
305 -18348.70 -10809.85 268.03 
306 -18348.78 -10809.85 267.89 
307 -18348.85 -10809.85 267.80 
308 -18348.92 -10809.85 267.96 
309 -18349.00 -10809.85 268.02 
310 -18349.07 -10809.85 268.20 
311 -18349.14 -10809.85 268.31 
312 -18349.21 -10809.85 268.46 
313 -18349.28 -10809.85 268.47 
314 -18349.35 -10809.85 268.45 
315 -18349.42 -10809.85 268.37 
316 -18349.50 -10809.85 268.04 
317 -18349.57 -10809.86 267.53 
318 -18349.65 -10809.86 266.85 
319 -18349.73 -10809.87 266.52 
320 -18349.81 -10809.87 266.69 
321 -18349.90 -10809.87 267.24 
322 -18349.99 -10809.87 267.97 
323 -18350.08 -10809.86 268.72 
324 -18350.16 -10809.86 269.01 
325 -18350.23 -10809.86 268.83 
326 -18350.31 -10809.86 268.52 
327 -18350.39 -10809.86 268.22 
328 -18350.48 -10809.86 267.95 
329 -18350.56 -10809.86 267.60 
330 -18350.64 -10809.86 267.45 
331 -18350.72 -10809.86 267.43 
332 -18350.80 -10809.86 267.60 
333 -18350.88 -10809.85 267.69 
334 -18350.96 -10809.85 267.96 
335 -18351.04 -10809.84 268.33 
336 -18351.12 -10809.84 268.74 
337 -18351.19 -10809.83 268.97 
338 -18351.27 -10809.83 269.19 
339 -18351.34 -10809.82 269.22 
340 -18351.41 -10809.82 269.09 
341 -18351.49 -10809.82 268.75 
342 -18351.56 -10809.82 268.25 
343 -18351.64 -10809.82 267.73 
344 -18351.72 -10809.82 267.19 
345 -18351.80 -10809.82 266.61 
346 -18351.88 -10809.83 266.21 
347 -18351.96 -10809.83 265.94 
348 -18352.05 -10809.83 265.85 
349 -18352.13 -10809.83 265.74 
350 -18352.21 -10809.84 265.85 
351 -18352.29 -10809.84 265.84 
352 -18352.37 -10809.85 265.75 
353 -18352.45 -10809.85 265.42 
354 -18352.53 -10809.86 265.26 
355 -18352.62 -10809.86 264.99 
356 -18352.70 -10809.87 264.74 
357 -18352.78 -10809.88 264.39 
358 -18352.86 -10809.89 264.23 
359 -18352.94 -10809.89 264.29 
360 -18353.03 -10809.90 264.69 
361 -18353.11 -10809.90 265.41 
362 -18353.20 -10809.89 266.47 
363 -18353.28 -10809.89 267.49 
364 -18353.36 -10809.88 268.18 
365 -18353.44 -10809.88 268.85 
366 -18353.52 -10809.87 269.42 
367 -18353.60 -10809.86 269.84 
368 -18353.68 -10809.86 269.64 
369 -18353.76 -10809.86 269.17 
370 -18353.84 -10809.87 268.74 
371 -18353.92 -10809.87 268.66 
372 -18353.99 -10809.87 268.56 
373 -18354.06 -10809.87 268.60 
374 -18354.14 -10809.87 268.63 
375 -18354.21 -10809.87 268.63 
376 -18354.29 -10809.87 268.56 
377 -18354.36 -10809.87 268.56 
378 -18354.44 -10809.87 268.71 
379 -18354.51 -10809.86 268.89 
380 -18354.59 -10809.86 269.13 
381 -18354.66 -10809.86 269.21 
382 -18354.74 -10809.86 269.28 
383 -18354.82 -10809.86 269.14 
384 -18354.90 -10809.85 268.97 
385 -18354.97 -10809.85 268.72 
386 -18355.05 -10809.85 268.66 
387 -18355.13 -10809.85 268.61 
388 -18355.21 -10809.85 268.37 
389 -18355.28 -10809.86 267.61 
390 -18355.35 -10809.87 266.54 
391 -18355.42 -10809.88 265.25 
392 -18355.49 -10809.89 264.19 
393 -18355.56 -10809.91 263.40 
394 -18355.64 -10809.92 263.31 
395 -18355.71 -10809.92 263.55 
396 -18355.79 -10809.93 263.85 
397 -18355.86 -10809.94 263.61 
398 -18355.93 -10809.95 263.18 
399 -18356.00 -10809.96 262.90 
400 -18356.07 -10809.96 263.29 
401 -18356.15 -10809.96 264.18 
402 -18356.23 -10809.96 265.16 
403 -18356.30 -10809.95 265.89 
404 -18356.37 -10809.95 266.22 
405 -18356.43 -10809.95 266.44 
406 -18356.50 -10809.95 266.43 
407 -18356.56 -10809.95 266.56 
408 -18356.62 -10809.95 266.70 
409 -18356.68 -10809.95 266.91 
410 -18356.75 -10809.95 267.14 
411 -18356.82 -10809.95 267.22 
412 -18356.89 -10809.95 267.43 
413 -18356.96 -10809.95 267.63 
414 -18357.03 -10809.95 267.82 
415 -18357.10 -10809.95 267.96 
416 -18357.17 -10809.95 268.02 
417 -18357.24 -10809.95 268.34 
418 -18357.31 -10809.95 268.72 
419 -18357.38 -10809.94 269.14 
420 -18357.44 -10809.94 269.37 
421 -18357.50 -10809.93 269.44 
422 -18357.56 -10809.93 269.37 
423 -18357.62 -10809.93 268.95 
424 -18357.68 -10809.93 268.41 
425 -18357.73 -10809.93 267.82 
426 -18357.77 -10809.93 267.28 
427 -18357.81 -10809.93 266.98 
428 -18357.83 -10809.92 266.82 
429 -18357.85 -10809.92 266.75 
430 -18357.86 -10809.93 266.71 
431 -18357.86 -10809.93 266.70 
432 -18357.86 -10809.93 266.69 
433 -18357.86 -10809.93 266.68 
434 -18357.86 -10809.93 266.65 
435 -18357.86 -10809.93 266.64 
436 -18357.86 -10809.93 266.63 
437 -18357.86 -10809.94 266.64 
438 -18357.86 -10809.94 266.64 
439 -18357.86 -10809.94 266.70 
440 -18357.86 -10809.94 266.70 
441 -18357.86 -10809.94 266.71 
442 -18357.86 -10809.95 266.71 
443 -18357.86 -10809.95 266.71 
444 -18357.86 -10809.95 266.71 
445 -18357.86 -10809.95 266.71 
446 -18357.86 -10809.96 266.70 
447 -18357.86 -10809.96 266.70 
448 -18357.86 -10809.96 266.70 
449 -18357.86 -10809.96 266.75 
450 -18357.85 -10809.96 266.81 
451 -18357.85 -10809.96 266.76 
452 -18357.85 -10809.97 266.77 
453 -18357.86 -10809.97 266.76 
454 -18357.86 -10809.97 266.73 
455 -18357.86 -10809.97 266.73 
456 -18357.85 -10809.97 266.73 
457 -18357.85 -10809.97 266.72 
458 -18357.85 -10809.98 266.72 
459 -18357.85 -10809.98 266.74 
460 -18357.85 -10809.98 266.74 
461 -18357.85 -10809.98 266.75 
462 -18357.85 -10809.98 266.77 
463 -18357.86 -10809.98 266.76 
464 -18357.86 -10809.98 266.76 
465 -18357.86 -10809.98 266.79 
466 -18357.86 -10809.98 266.91 
467 -18357.87 -10809.97 267.56 
468 -18357.88 -10809.97 268.42 
469 -18357.88 -10809.96 269.47 
470 -18357.89 -10809.95 271.06 
471 -18357.90 -10809.94 273.40 
472 -18357.91 -10809.92 276.23 
473 -18357.92 -10809.90 278.70 
474 -18357.92 -10809.88 280.51 
475 -18357.93 -10809.88 281.39 
476 -18357.93 -10809.87 281.43 
477 -18357.93 -10809.88 281.13 
478 -18357.92 -10809.88 280.98 
479 -18357.92 -10809.87 281.38 
480 -18357.93 -10809.87 282.34 
481 -18357.93 -10809.86 283.70 
482 -18357.93 -10809.84 285.45 
483 -18357.93 -10809.83 287.51 
484 -18357.94 -10809.81 289.64 
485 -18357.95 -10809.79 291.82 
486 -18357.96 -10809.76 294.07 
487 -18357.97 -10809.74 296.10 
488 -18357.98 -10809.72 297.62 
489 -18357.99 -10809.70 298.82 
490 -18358.00 -10809.68 299.97 
491 -18358.02 -10809.66 301.07 
492 -18358.03 -10809.64 302.00 
493 -18358.05 -10809.62 302.69 
494 -18358.07 -10809.60 302.85 
495 -18358.09 -10809.58 302.59 
496 -18358.11 -10809.56 302.01 
497 -18358.13 -10809.55 301.23 
498 -18358.15 -10809.54 300.21 
499 -18358.17 -10809.54 298.95 
500 -18358.20 -10809.53 297.47 
501 -18358.23 -10809.53 295.90 
502 -18358.26 -10809.53 294.46 
503 -18358.29 -10809.52 293.29 
504 -18358.33 -10809.52 292.33 
505 -18358.36 -10809.51 291.38 
506 -18358.40 -10809.50 290.30 
507 -18358.45 -10809.50 289.10 
508 -18358.50 -10809.49 287.83 
509 -18358.55 -10809.49 286.37 
510 -18358.60 -10809.49 284.61 
511 -18358.65 -10809.49 282.83 
512 -18358.69 -10809.50 280.90 
513 -18358.74 -10809.50 278.80 
514 -18358.78 -10809.52 276.62 
515 -18358.83 -10809.53 274.55 
516 -18358.87 -10809.54 272.71 
517 -18358.91 -10809.55 271.08 
518 -18358.95 -10809.56 269.58 
519 -18358.99 -10809.58 268.25 
520 -18359.03 -10809.59 267.22 
521 -18359.07 -10809.60 266.60 
522 -18359.11 -10809.61 266.36 
523 -18359.16 -10809.61 266.58 
524 -18359.22 -10809.62 267.09 
525 -18359.28 -10809.62 267.55 
526 -18359.34 -10809.62 268.11 
527 -18359.41 -10809.63 268.63 
528 -18359.47 -10809.63 269.09 
529 -18359.53 -10809.63 269.58 
530 -18359.59 -10809.62 269.77 
531 -18359.64 -10809.62 269.78 
532 -18359.70 -10809.61 269.83 
533 -18359.75 -10809.61 269.86 
534 -18359.81 -10809.61 269.90 
535 -18359.87 -10809.60 270.01 
536 -18359.92 -10809.60 269.98 
537 -18359.99 -10809.60 270.01 
538 -18360.05 -10809.60 269.91 
539 -18360.12 -10809.59 269.75 
540 -18360.18 -10809.59 269.64 
541 -18360.25 -10809.59 269.67 
542 -18360.31 -10809.58 270.27 
543 -18360.37 -10809.57 271.23 
544 -18360.44 -10809.56 272.25 
545 -18360.50 -10809.54 273.36 
546 -18360.57 -10809.53 274.28 
547 -18360.65 -10809.51 275.28 
548 -18360.72 -10809.50 276.08 
549 -18360.79 -10809.48 276.64 
550 -18360.86 -10809.47 276.53 
551 -18360.93 -10809.46 275.99 
552 -18361.00 -10809.46 275.13 
553 -18361.07 -10809.46 274.19 
554 -18361.14 -10809.46 273.27 
555 -18361.21 -10809.46 272.43 
556 -18361.28 -10809.46 272.04 
557 -18361.36 -10809.45 271.84 
558 -18361.43 -10809.45 271.71 
559 -18361.50 -10809.45 271.48 
560 -18361.57 -10809.45 271.43 
561 -18361.64 -10809.45 271.32 
562 -18361.71 -10809.45 271.09 
563 -18361.77 -10809.45 270.80 
564 -18361.84 -10809.45 270.35 
565 -18361.91 -10809.45 269.88 
566 -18361.98 -10809.46 269.27 
567 -18362.05 -10809.46 268.59 
568 -18362.11 -10809.47 267.73 
569 -18362.17 -10809.48 266.92 
570 -18362.24 -10809.49 266.20 
571 -18362.31 -10809.50 265.62 
572 -18362.38 -10809.50 265.26 
573 -18362.45 -10809.51 265.08 
574 -18362.51 -10809.51 265.34 
575 -18362.58 -10809.52 265.68 
576 -18362.64 -10809.52 266.06 
577 -18362.71 -10809.52 266.30 
578 -18362.79 -10809.52 266.45 
579 -18362.86 -10809.52 266.63 
580 -18362.94 -10809.52 266.73 
581 -18363.02 -10809.52 266.88 
582 -18363.10 -10809.52 267.03 
583 -18363.17 -10809.52 267.47 
584 -18363.26 -10809.52 267.93 
585 -18363.34 -10809.51 268.31 
586 -18363.42 -10809.51 268.49 
587 -18363.50 -10809.51 268.81 
588 -18363.58 -10809.50 269.20 
589 -18363.65 -10809.50 269.63 
590 -18363.73 -10809.50 269.71 
591 -18363.81 -10809.49 269.77 
592 -18363.88 -10809.49 269.74 
593 -18363.96 -10809.49 269.89 
594 -18364.03 -10809.49 270.07 
595 -18364.10 -10809.48 270.60 
596 -18364.18 -10809.47 271.25 
597 -18364.26 -10809.47 271.92 
598 -18364.33 -10809.46 272.41 
599 -18364.41 -10809.45 272.90 
600 -18364.49 -10809.44 273.12 
601 -18364.56 -10809.44 272.83 
602 -18364.64 -10809.44 272.10 
603 -18364.72 -10809.44 271.60 
604 -18364.80 -10809.44 271.50 
605 -18364.87 -10809.43 271.86 
606 -18364.95 -10809.43 272.49 
607 -18365.02 -10809.41 273.52 
608 -18365.09 -10809.40 275.18 
609 -18365.16 -10809.37 277.38 
610 -18365.22 -10809.34 280.10 
611 -18365.29 -10809.31 283.01 
612 -18365.35 -10809.27 285.90 
613 -18365.41 -10809.23 288.42 
614 -18365.47 -10809.18 290.69 
615 -18365.53 -10809.14 292.50 
616 -18365.59 -10809.10 294.07 
617 -18365.64 -10809.07 295.16 
618 -18365.69 -10809.03 295.93 
619 -18365.74 -10808.99 296.44 
620 -18365.79 -10808.96 296.68 
621 -18365.82 -10808.93 296.70 
622 -18365.85 -10808.91 296.55 
623 -18365.87 -10808.90 296.28 
624 -18365.88 -10808.89 295.93 
625 -18365.88 -10808.88 295.48 
626 -18365.87 -10808.88 295.05 
627 -18365.86 -10808.88 294.21 
628 -18365.85 -10808.89 292.65 
629 -18365.85 -10808.91 290.16 
630 -18365.84 -10808.94 286.43 
631 -18365.82 -10808.97 281.44 
632 -18365.79 -10809.02 275.43 
633 -18365.76 -10809.06 268.95 
634 -18365.73 -10809.11 262.35 
635 -18365.69 -10809.14 255.89 
636 -18365.65 -10809.18 249.77 
637 -18365.62 -10809.20 244.19 
638 -18365.58 -10809.22 239.29 
639 -18365.56 -10809.24 234.92 
640 -18365.53 -10809.26 230.95 
641 -18365.50 -10809.27 227.52 
642 -18365.49 -10809.28 224.58 
643 -18365.47 -10809.29 222.11 
644 -18365.45 -10809.30 220.03 
645 -18365.44 -10809.31 218.21 
646 -18365.43 -10809.32 216.72 
647 -18365.43 -10809.32 215.67 
648 -18365.42 -10809.33 215.09 
649 -18365.42 -10809.33 215.33 
650 -18365.42 -10809.34 216.55 
651 -18365.43 -10809.33 219.31 
652 -18365.45 -10809.32 223.25 
653 -18365.46 -10809.31 226.54 
654 -18365.46 -10809.30 228.08 
655 -18365.46 -10809.30 228.65 
656 -18365.45 -10809.30 229.16 
657 -18365.45 -10809.30 230.16 
658 -18365.44 -10809.30 231.37 
659 -18365.44 -10809.29 232.24 
660 -18365.43 -10809.28 233.15 
661 -18365.43 -10809.27 234.31 
662 -18365.43 -10809.26 235.67 
663 -18365.43 -10809.25 237.04 
664 -18365.43 -10809.24 238.29 
665 -18365.43 -10809.23 239.26 
666 -18365.42 -10809.22 240.19 
667 -18365.42 -10809.21 241.19 
668 -18365.42 -10809.20 242.25 
669 -18365.42 -10809.19 243.39 
670 -18365.42 -10809.18 244.70 
671 -18365.42 -10809.17 246.17 
672 -18365.43 -10809.16 247.79 
673 -18365.43 -10809.14 249.51 
674 -18365.43 -10809.13 251.23 
675 -18365.43 -10809.12 252.73 
676 -18365.43 -10809.11 254.07 
677 -18365.42 -10809.10 255.29 
678 -18365.42 -10809.09 256.26 
679 -18365.42 -10809.08 256.94 
680 -18365.42 -10809.08 257.36 
681 -18365.42 -10809.08 257.61 
682 -18365.42 -10809.08 257.79 
683 -18365.41 -10809.08 258.06 
684 -18365.41 -10809.07 258.95 
685 -18365.41 -10809.06 261.03 
686 -18365.40 -10809.04 264.37 
687 -18365.39 -10809.01 268.33 
688 -18365.39 -10808.98 272.52 
689 -18365.38 -10808.95 276.83 
690 -18365.38 -10808.92 281.23 
691 -18365.38 -10808.89 285.61 
692 -18365.37 -10808.86 289.99 
693 -18365.37 -10808.83 294.49 
694 -18365.36 -10808.80 299.20 
695 -18365.35 -10808.76 304.04 
696 -18365.34 -10808.73 308.75 
697 -18365.34 -10808.70 313.13 
698 -18365.33 -10808.67 317.03 
699 -18365.32 -10808.64 320.52 
700 -18365.31 -10808.61 323.70 
701 -18365.31 -10808.58 326.57 
702 -18365.30 -10808.55 329.40 
703 -18365.29 -10808.53 332.19 
704 -18365.29 -10808.51 334.85 
705 -18365.28 -10808.48 337.33 
706 -18365.27 -10808.47 339.44 
707 -18365.26 -10808.45 341.22 
708 -18365.25 -10808.44 342.76 
709 -18365.24 -10808.43 343.98 
710 -18365.23 -10808.42 345.12 
711 -18365.22 -10808.41 346.16 
712 -18365.21 -10808.40 347.05 
713 -18365.21 -10808.39 347.78 
714 -18365.20 -10808.39 348.51 
715 -18365.19 -10808.39 349.33 
716 -18365.18 -10808.38 350.31 
717 -18365.16 -10808.38 351.36 
718 -18365.15 -10808.38 352.39 
719 -18365.14 -10808.38 353.18 
720 -18365.14 -10808.39 353.52 
721 -18365.14 -10808.39 353.25 
722 -18365.14 -10808.39 352.58 
723 -18365.14 -10808.39 351.84 
724 -18365.15 -10808.39 351.20 
725 -18365.15 -10808.39 350.93 
726 -18365.14 -10808.40 351.07 
727 -18365.14 -10808.40 351.66 
728 -18365.13 -10808.40 352.66 
729 -18365.12 -10808.39 353.98 
730 -18365.12 -10808.38 355.34 
731 -18365.11 -10808.37 357.06 
732 -18365.10 -10808.35 358.96 
733 -18365.09 -10808.31 1.05 
734 -18365.08 -10808.27 3.14 
735 -18365.07 -10808.23 4.98 
736 -18365.06 -10808.18 6.57 
737 -18365.05 -10808.13 8.02 
738 -18365.03 -10808.07 9.46 
739 -18365.00 -10808.01 11.73 
740 -18364.96 -10807.95 14.82 
741 -18364.91 -10807.89 18.86 
742 -18364.84 -10807.84 23.66 
743 -18364.77 -10807.80 28.95 
744 -18364.70 -10807.76 34.42 
745 -18364.62 -10807.72 40.33 
746 -18364.54 -10807.70 45.96 
747 -18364.46 -10807.69 51.21 
748 -18364.39 -10807.68 56.23 
749 -18364.32 -10807.68 60.83 
750 -18364.25 -10807.69 64.96 
751 -18364.19 -10807.70 68.82 
752 -18364.14 -10807.72 72.27 
753 -18364.10 -10807.73 75.54 
754 -18364.07 -10807.75 78.56 
755 -18364.04 -10807.77 81.30 
756 -18364.02 -10807.79 83.71 
757 -18364.01 -10807.81 85.61 
758 -18364.01 -10807.83 87.03 
759 -18364.03 -10807.84 88.19 
760 -18364.04 -10807.86 89.31 
761 -18364.06 -10807.88 90.80 
762 -18364.08 -10807.89 92.39 
763 -18364.10 -10807.91 93.51 
764 -18364.12 -10807.92 93.62 
765 -18364.13 -10807.92 93.42 
766 -18364.14 -10807.93 93.11 
767 -18364.14 -10807.93 92.72 
768 -18364.15 -10807.94 92.25 
769 -18364.15 -10807.93 91.51 
770 -18364.16 -10807.92 90.62 
771 -18364.16 -10807.91 89.47 
772 -18364.17 -10807.90 88.19 
773 -18364.18 -10807.89 87.32 
774 -18364.18 -10807.89 87.44 
775 -18364.18 -10807.89 88.12 
776 -18364.17 -10807.89 88.51 
777 -18364.17 -10807.89 88.60 
778 -18364.17 -10807.89 88.62 
779 -18364.16 -10807.89 89.12 
780 -18364.16 -10807.89 89.77 
781 -18364.15 -10807.89 90.34 
782 -18364.15 -10807.89 90.43 
783 -18364.14 -10807.89 90.19 
784 -18364.14 -10807.89 90.09 
785 -18364.14 -10807.89 90.06 
786 -18364.14 -10807.89 90.11 
787 -18364.14 -10807.89 90.15 
788 -18364.14 -10807.89 90.18 
