0 26.22 -56.96 52.42 
1 26.22 -56.96 52.42 
2 26.22 -56.96 52.42 
3 26.22 -56.96 52.42 
4 26.22 -56.96 52.42 
5 26.22 -56.96 52.42 
6 26.22 -56.96 52.42 
7 26.22 -56.96 52.42 
8 26.22 -56.96 52.42 
9 26.22 -56.96 52.42 
10 26.22 -56.96 52.42 
11 26.22 -56.96 52.42 
12 26.22 -56.96 52.42 
13 26.22 -56.96 52.42 
14 26.22 -56.96 52.42 
15 26.22 -56.96 52.42 
16 26.22 -56.96 52.42 
17 26.22 -56.96 52.42 
18 26.22 -56.96 52.42 
19 26.22 -56.96 52.42 
20 26.22 -56.96 52.42 
21 26.22 -56.96 52.42 
22 26.22 -56.96 52.42 
23 26.22 -56.96 52.42 
24 26.22 -56.96 52.42 
25 26.22 -56.96 52.42 
26 26.22 -56.96 52.42 
27 26.22 -56.96 52.42 
28 26.22 -56.96 52.42 
29 26.22 -56.96 52.42 
30 26.22 -56.96 52.42 
31 26.22 -56.96 52.42 
32 26.22 -56.96 52.42 
33 26.22 -56.96 52.42 
34 26.22 -56.96 52.42 
35 26.22 -56.96 52.42 
36 26.22 -56.96 52.42 
37 26.22 -56.96 52.42 
38 26.22 -56.96 52.42 
39 26.22 -56.96 52.42 
40 26.22 -56.96 52.42 
41 26.22 -56.96 52.41 
42 26.22 -56.96 52.42 
43 26.22 -56.96 52.42 
44 26.22 -56.96 52.42 
45 26.22 -56.96 52.42 
46 26.22 -56.96 52.42 
47 26.22 -56.96 52.42 
48 26.22 -56.96 52.42 
49 26.22 -56.96 52.42 
50 26.22 -56.96 52.42 
51 26.22 -56.96 52.42 
52 26.22 -56.96 52.42 
53 26.22 -56.96 52.42 
54 26.22 -56.96 52.42 
55 26.22 -56.96 52.42 
56 26.22 -56.96 52.42 
57 26.22 -56.96 52.42 
58 26.22 -56.96 52.42 
59 26.22 -56.96 52.42 
60 26.22 -56.96 52.42 
61 26.22 -56.96 52.42 
62 26.22 -56.96 52.42 
63 26.22 -56.96 52.42 
64 26.22 -56.96 52.42 
65 26.22 -56.96 52.42 
66 26.22 -56.96 52.42 
67 26.22 -56.96 52.42 
68 26.22 -56.96 52.42 
69 26.22 -56.96 52.42 
70 26.22 -56.96 52.42 
71 26.22 -56.96 52.42 
72 26.22 -56.96 52.42 
73 26.22 -56.96 52.42 
74 26.22 -56.96 52.42 
75 26.22 -56.96 52.42 
76 26.22 -56.96 52.42 
77 26.22 -56.96 52.42 
78 26.22 -56.96 52.42 
79 26.22 -56.96 52.42 
80 26.22 -56.96 52.42 
81 26.22 -56.96 52.42 
82 26.22 -56.96 52.42 
83 26.22 -56.96 52.42 
84 26.22 -56.96 52.42 
85 26.22 -56.96 52.42 
86 26.22 -56.96 52.42 
87 26.22 -56.96 52.42 
88 26.22 -56.96 52.42 
89 26.22 -56.96 52.42 
90 26.22 -56.96 52.42 
91 26.22 -56.96 52.42 
92 26.22 -56.96 52.42 
93 26.22 -56.96 52.42 
94 26.22 -56.96 52.42 
95 26.22 -56.96 52.42 
96 26.22 -56.96 52.42 
97 26.22 -56.96 52.42 
98 26.22 -56.96 52.42 
99 26.22 -56.96 52.42 
100 26.22 -56.96 52.42 
101 26.22 -56.96 52.42 
102 26.22 -56.96 52.42 
103 26.22 -56.96 52.42 
104 26.22 -56.96 52.42 
105 26.22 -56.96 52.42 
106 26.22 -56.96 52.42 
107 26.22 -56.96 52.42 
108 26.22 -56.96 52.42 
109 26.22 -56.96 52.43 
110 26.22 -56.96 52.43 
111 26.22 -56.96 52.42 
112 26.22 -56.96 52.42 
113 26.22 -56.96 52.42 
114 26.22 -56.96 52.42 
115 26.22 -56.96 52.42 
116 26.22 -56.96 52.42 
117 26.22 -56.96 52.42 
118 26.22 -56.96 52.42 
119 26.22 -56.96 52.42 
120 26.22 -56.96 52.42 
121 26.22 -56.96 52.42 
122 26.22 -56.96 52.43 
123 26.22 -56.96 52.43 
124 26.22 -56.96 52.42 
125 26.22 -56.96 52.42 
126 26.22 -56.96 52.43 
127 26.22 -56.96 52.43 
128 26.22 -56.96 52.43 
129 26.22 -56.96 52.43 
130 26.22 -56.96 52.43 
131 26.22 -56.96 52.43 
132 26.22 -56.96 52.42 
133 26.22 -56.96 52.43 
134 26.22 -56.96 52.43 
135 26.22 -56.96 52.43 
136 26.22 -56.96 52.43 
137 26.22 -56.96 52.43 
138 26.22 -56.96 52.43 
139 26.22 -56.96 52.43 
140 26.22 -56.96 52.43 
141 26.22 -56.95 52.43 
142 26.22 -56.95 52.43 
143 26.22 -56.95 52.43 
144 26.22 -56.95 52.43 
145 26.22 -56.95 52.43 
146 26.22 -56.95 52.43 
147 26.22 -56.95 52.43 
148 26.22 -56.95 52.43 
149 26.22 -56.95 52.43 
150 26.22 -56.95 52.43 
151 26.22 -56.95 52.43 
152 26.21 -56.95 52.43 
153 26.21 -56.95 52.43 
154 26.21 -56.95 52.43 
155 26.21 -56.95 52.43 
156 26.21 -56.95 52.43 
0 26.23 -56.95 52.54 
1 26.22 -56.95 52.53 
2 26.22 -56.95 52.53 
3 26.23 -56.95 52.53 
4 26.23 -56.95 52.53 
5 26.23 -56.95 52.53 
6 26.23 -56.95 52.53 
7 26.23 -56.95 52.53 
8 26.23 -56.95 52.53 
9 26.23 -56.95 52.53 
10 26.23 -56.95 52.53 
11 26.23 -56.95 52.53 
12 26.23 -56.95 52.54 
13 26.23 -56.95 52.53 
14 26.23 -56.95 52.53 
15 26.23 -56.95 52.54 
16 26.23 -56.95 52.53 
17 26.23 -56.95 52.53 
18 26.23 -56.95 52.53 
19 26.23 -56.95 52.53 
20 26.23 -56.95 52.53 
21 26.23 -56.95 52.53 
22 26.23 -56.95 52.53 
23 26.23 -56.95 52.53 
24 26.23 -56.95 52.53 
25 26.23 -56.95 52.53 
26 26.23 -56.95 52.53 
27 26.23 -56.95 52.53 
28 26.23 -56.95 52.53 
29 26.23 -56.95 52.53 
30 26.23 -56.95 52.53 
31 26.23 -56.95 52.53 
32 26.23 -56.95 52.53 
33 26.23 -56.95 52.53 
34 26.23 -56.95 52.53 
35 26.23 -56.95 52.53 
36 26.23 -56.95 52.53 
37 26.23 -56.95 52.53 
38 26.23 -56.95 52.53 
39 26.23 -56.95 52.54 
40 26.23 -56.95 52.54 
41 26.23 -56.95 52.54 
42 26.23 -56.95 52.54 
43 26.23 -56.95 52.54 
44 26.23 -56.95 52.54 
45 26.23 -56.95 52.54 
46 26.23 -56.95 52.54 
47 26.23 -56.95 52.54 
48 26.23 -56.95 52.54 
49 26.23 -56.95 52.53 
50 26.23 -56.95 52.53 
51 26.23 -56.95 52.53 
52 26.23 -56.95 52.53 
53 26.23 -56.95 52.53 
54 26.23 -56.95 52.53 
55 26.23 -56.95 52.53 
56 26.23 -56.95 52.53 
57 26.23 -56.95 52.54 
58 26.23 -56.95 52.54 
59 26.23 -56.95 52.54 
60 26.23 -56.95 52.54 
61 26.23 -56.95 52.54 
62 26.23 -56.95 52.54 
63 26.23 -56.95 52.54 
64 26.23 -56.95 52.54 
65 26.23 -56.95 52.54 
66 26.23 -56.95 52.54 
67 26.23 -56.95 52.54 
68 26.23 -56.95 52.54 
69 26.23 -56.95 52.54 
70 26.23 -56.95 52.54 
71 26.23 -56.95 52.54 
72 26.23 -56.95 52.54 
73 26.23 -56.95 52.54 
74 26.23 -56.95 52.54 
75 26.23 -56.95 52.54 
76 26.23 -56.95 52.54 
77 26.23 -56.95 52.54 
78 26.23 -56.95 52.54 
79 26.23 -56.95 52.54 
80 26.23 -56.95 52.53 
81 26.23 -56.95 52.53 
82 26.23 -56.95 52.53 
83 26.23 -56.95 52.53 
84 26.23 -56.95 52.54 
85 26.23 -56.95 52.53 
86 26.23 -56.95 52.53 
87 26.23 -56.95 52.53 
88 26.23 -56.95 52.53 
89 26.23 -56.95 52.53 
90 26.23 -56.95 52.53 
91 26.23 -56.95 52.53 
92 26.23 -56.95 52.54 
93 26.23 -56.95 52.54 
94 26.23 -56.95 52.53 
95 26.23 -56.95 52.53 
96 26.23 -56.95 52.53 
97 26.23 -56.95 52.53 
98 26.23 -56.95 52.53 
99 26.23 -56.95 52.53 
100 26.23 -56.95 52.53 
101 26.23 -56.95 52.53 
102 26.23 -56.95 52.53 
103 26.23 -56.95 52.53 
104 26.23 -56.95 52.53 
105 26.23 -56.95 52.53 
106 26.23 -56.95 52.53 
107 26.23 -56.95 52.53 
108 26.23 -56.95 52.53 
109 26.23 -56.95 52.53 
110 26.23 -56.95 52.53 
111 26.23 -56.95 52.53 
112 26.23 -56.95 52.53 
113 26.23 -56.95 52.53 
114 26.23 -56.95 52.53 
115 26.23 -56.95 52.53 
116 26.23 -56.95 52.53 
117 26.23 -56.95 52.53 
118 26.23 -56.95 52.53 
119 26.23 -56.95 52.53 
120 26.23 -56.95 52.53 
121 26.23 -56.95 52.53 
122 26.23 -56.95 52.53 
123 26.23 -56.95 52.53 
124 26.23 -56.95 52.53 
125 26.23 -56.95 52.53 
126 26.23 -56.95 52.53 
127 26.23 -56.95 52.53 
128 26.23 -56.95 52.53 
129 26.23 -56.95 52.54 
130 26.23 -56.95 52.54 
131 26.23 -56.95 52.54 
132 26.23 -56.95 52.53 
133 26.23 -56.95 52.54 
134 26.23 -56.95 52.54 
135 26.23 -56.95 52.54 
136 26.23 -56.95 52.54 
137 26.23 -56.95 52.54 
138 26.23 -56.95 52.54 
139 26.23 -56.95 52.54 
140 26.23 -56.95 52.54 
141 26.23 -56.95 52.54 
142 26.23 -56.95 52.54 
143 26.23 -56.95 52.54 
144 26.23 -56.95 52.54 
145 26.23 -56.95 52.54 
146 26.23 -56.95 52.54 
147 26.23 -56.95 52.54 
148 26.23 -56.95 52.54 
149 26.23 -56.95 52.54 
150 26.23 -56.95 52.54 
151 26.23 -56.95 52.54 
152 26.23 -56.95 52.54 
153 26.23 -56.95 52.54 
154 26.23 -56.95 52.54 
155 26.23 -56.95 52.54 
156 26.23 -56.95 52.54 
157 26.23 -56.95 52.54 
158 26.23 -56.95 52.54 
159 26.23 -56.95 52.54 
160 26.23 -56.95 52.54 
161 26.23 -56.95 52.54 
162 26.23 -56.96 52.54 
163 26.23 -56.96 52.54 
164 26.23 -56.96 52.54 
165 26.23 -56.96 52.54 
166 26.23 -56.96 52.54 
167 26.23 -56.96 52.54 
168 26.23 -56.96 52.54 
169 26.23 -56.96 52.54 
170 26.23 -56.96 52.54 
171 26.23 -56.96 52.54 
172 26.23 -56.96 52.54 
173 26.23 -56.96 52.54 
174 26.23 -56.96 52.54 
175 26.23 -56.96 52.54 
176 26.23 -56.96 52.54 
177 26.23 -56.96 52.54 
178 26.23 -56.96 52.54 
179 26.23 -56.96 52.54 
180 26.23 -56.96 52.54 
181 26.23 -56.96 52.54 
182 26.23 -56.96 52.54 
183 26.23 -56.96 52.54 
184 26.23 -56.96 52.54 
185 26.23 -56.96 52.54 
186 26.23 -56.96 52.54 
187 26.23 -56.96 52.54 
188 26.23 -56.96 52.54 
189 26.23 -56.96 52.54 
190 26.23 -56.96 52.54 
191 26.23 -56.96 52.54 
192 26.23 -56.96 52.54 
193 26.23 -56.96 52.54 
194 26.23 -56.96 52.54 
195 26.23 -56.96 52.54 
196 26.23 -56.96 52.54 
197 26.23 -56.96 52.54 
198 26.23 -56.96 52.54 
199 26.23 -56.96 52.54 
200 26.23 -56.96 52.54 
201 26.23 -56.96 52.54 
202 26.23 -56.96 52.54 
203 26.23 -56.96 52.54 
204 26.23 -56.96 52.54 
205 26.23 -56.96 52.54 
206 26.23 -56.96 52.54 
207 26.23 -56.96 52.54 
208 26.23 -56.96 52.54 
209 26.23 -56.96 52.54 
210 26.23 -56.96 52.54 
211 26.23 -56.96 52.54 
212 26.23 -56.96 52.54 
213 26.23 -56.96 52.54 
214 26.23 -56.96 52.54 
215 26.23 -56.96 52.54 
216 26.23 -56.96 52.54 
217 26.23 -56.96 52.54 
218 26.23 -56.96 52.54 
219 26.23 -56.96 52.54 
220 26.23 -56.96 52.54 
221 26.23 -56.96 52.54 
222 26.23 -56.96 52.54 
223 26.23 -56.96 52.54 
224 26.23 -56.96 52.54 
225 26.23 -56.96 52.54 
226 26.23 -56.96 52.54 
227 26.23 -56.96 52.54 
228 26.23 -56.96 52.54 
229 26.23 -56.96 52.54 
230 26.23 -56.96 52.54 
231 26.23 -56.96 52.54 
232 26.23 -56.96 52.54 
233 26.23 -56.96 52.54 
234 26.23 -56.96 52.54 
235 26.23 -56.96 52.54 
236 26.23 -56.96 52.54 
237 26.23 -56.96 52.54 
238 26.23 -56.96 52.54 
239 26.23 -56.96 52.54 
240 26.23 -56.96 52.54 
241 26.23 -56.96 52.53 
242 26.23 -56.96 52.53 
243 26.23 -56.96 52.53 
244 26.23 -56.96 52.53 
245 26.23 -56.96 52.53 
246 26.23 -56.96 52.53 
247 26.23 -56.96 52.53 
248 26.23 -56.96 52.53 
249 26.23 -56.96 52.54 
250 26.23 -56.96 52.54 
251 26.23 -56.96 52.54 
252 26.23 -56.96 52.54 
253 26.23 -56.96 52.54 
254 26.23 -56.96 52.54 
255 26.23 -56.96 52.54 
256 26.23 -56.96 52.53 
257 26.23 -56.96 52.53 
258 26.23 -56.96 52.53 
259 26.23 -56.96 52.54 
260 26.23 -56.96 52.54 
261 26.23 -56.96 52.54 
262 26.23 -56.96 52.54 
263 26.23 -56.96 52.54 
264 26.23 -56.96 52.53 
265 26.23 -56.96 52.54 
266 26.23 -56.96 52.54 
267 26.23 -56.96 52.53 
268 26.23 -56.96 52.54 
0 34.97 -49.81 19.30 
1 35.01 -49.68 19.26 
2 35.05 -49.56 19.22 
3 35.10 -49.43 19.16 
4 35.14 -49.30 19.11 
5 35.19 -49.18 19.06 
6 35.23 -49.05 19.01 
7 35.27 -48.93 18.96 
8 35.32 -48.80 18.91 
9 35.36 -48.67 18.86 
10 35.40 -48.55 18.80 
11 35.45 -48.42 18.72 
12 35.49 -48.29 18.64 
13 35.54 -48.17 18.53 
14 35.58 -48.04 18.40 
15 35.62 -47.91 18.25 
16 35.67 -47.78 18.11 
17 35.71 -47.66 17.97 
18 35.75 -47.53 17.82 
19 35.79 -47.41 17.67 
20 35.83 -47.28 17.52 
0 16.37 -60.72 121.19 
1 16.48 -60.79 120.02 
2 16.60 -60.86 118.85 
3 16.71 -60.92 117.69 
4 16.83 -60.98 116.53 
5 16.94 -61.04 115.38 
6 17.06 -61.10 114.25 
7 17.17 -61.15 113.15 
8 17.28 -61.20 112.06 
9 17.40 -61.25 110.99 
10 17.51 -61.29 109.93 
11 17.62 -61.33 108.86 
12 17.74 -61.37 107.78 
13 17.86 -61.41 106.69 
14 17.98 -61.45 105.57 
15 18.10 -61.49 104.44 
16 18.23 -61.52 103.30 
17 18.36 -61.56 102.14 
18 18.49 -61.59 100.96 
19 18.62 -61.61 99.77 
20 18.75 -61.64 98.58 
0 37.80 -29.20 0.57 
1 37.80 -29.20 0.57 
2 37.80 -29.20 0.57 
3 37.80 -29.20 0.57 
4 37.80 -29.20 0.56 
5 37.80 -29.20 0.56 
6 37.80 -29.20 0.57 
7 37.80 -29.20 0.57 
8 37.80 -29.20 0.57 
9 37.80 -29.20 0.57 
10 37.80 -29.20 0.57 
11 37.80 -29.20 0.57 
12 37.80 -29.20 0.57 
13 37.80 -29.20 0.57 
14 37.80 -29.20 0.57 
15 37.80 -29.20 0.57 
16 37.80 -29.20 0.57 
17 37.80 -29.20 0.57 
18 37.80 -29.20 0.57 
19 37.80 -29.20 0.57 
20 37.80 -29.20 0.57 
21 37.80 -29.20 0.57 
22 37.80 -29.20 0.57 
23 37.80 -29.20 0.57 
24 37.80 -29.20 0.57 
25 37.80 -29.20 0.57 
26 37.80 -29.20 0.57 
27 37.80 -29.20 0.57 
28 37.80 -29.20 0.57 
29 37.80 -29.20 0.57 
30 37.80 -29.20 0.57 
31 37.80 -29.20 0.57 
32 37.80 -29.20 0.57 
33 37.80 -29.20 0.57 
34 37.80 -29.20 0.57 
35 37.80 -29.20 0.57 
36 37.80 -29.20 0.57 
37 37.80 -29.20 0.57 
38 37.80 -29.20 0.57 
39 37.80 -29.20 0.57 
40 37.80 -29.20 0.57 
41 37.80 -29.20 0.57 
42 37.80 -29.20 0.57 
43 37.80 -29.20 0.57 
44 37.80 -29.20 0.57 
0 35.70 -36.82 212.50 
1 35.70 -36.82 212.50 
2 35.70 -36.82 212.50 
3 35.70 -36.82 212.50 
4 35.70 -36.82 212.50 
5 35.70 -36.82 212.50 
6 35.70 -36.82 212.50 
7 35.70 -36.82 212.50 
8 35.70 -36.82 212.50 
9 35.70 -36.82 212.50 
10 35.70 -36.82 212.50 
11 35.70 -36.82 212.50 
12 35.70 -36.82 212.50 
13 35.70 -36.82 212.50 
14 35.70 -36.82 212.50 
15 35.70 -36.82 212.50 
16 35.70 -36.82 212.50 
17 35.70 -36.82 212.50 
18 35.70 -36.82 212.50 
19 35.70 -36.82 212.50 
20 35.70 -36.82 212.50 
0 35.70 -36.82 212.50 
1 35.70 -36.82 212.50 
2 35.70 -36.82 212.50 
3 35.70 -36.82 212.50 
4 35.70 -36.82 212.50 
5 35.70 -36.82 212.50 
6 35.70 -36.82 212.50 
7 35.70 -36.82 212.50 
8 35.70 -36.82 212.50 
9 35.70 -36.82 212.50 
10 35.70 -36.82 212.50 
11 35.70 -36.82 212.50 
12 35.70 -36.82 212.50 
13 35.70 -36.82 212.50 
14 35.70 -36.82 212.49 
15 35.70 -36.82 212.49 
16 35.70 -36.82 212.49 
17 35.70 -36.82 212.49 
18 35.70 -36.82 212.49 
19 35.70 -36.82 212.49 
20 35.70 -36.82 212.49 
0 0.01 0.00 212.43 
1 0.01 0.00 212.43 
2 0.01 0.00 212.43 
3 0.01 0.00 212.43 
4 0.01 0.00 212.43 
5 0.01 0.00 212.43 
6 0.01 0.00 212.43 
7 0.01 0.00 212.43 
8 0.01 0.00 212.43 
9 0.01 0.00 212.43 
10 0.01 0.00 212.43 
11 0.01 0.00 212.43 
12 0.01 0.00 212.43 
13 0.01 0.00 212.43 
14 0.01 0.00 212.43 
15 0.01 0.00 212.43 
16 0.01 0.00 212.43 
17 0.01 0.00 212.43 
18 0.01 0.00 212.43 
19 0.01 0.00 212.43 
20 0.01 0.00 212.43 
21 0.01 0.00 212.43 
22 0.01 0.00 212.43 
23 0.01 0.00 212.43 
24 0.01 0.00 212.43 
25 0.01 0.00 212.43 
26 0.01 0.00 212.43 
27 0.01 0.00 212.43 
28 0.01 0.00 212.43 
29 0.01 0.00 212.43 
30 0.01 0.00 212.43 
31 0.01 0.00 212.43 
32 0.01 0.00 212.43 
33 0.01 0.00 212.43 
34 0.01 0.00 212.43 
35 0.01 0.00 212.43 
36 0.01 0.00 212.43 
0 -0.00 0.00 212.43 
1 -0.00 0.00 212.43 
2 -0.00 0.00 212.43 
3 -0.00 0.00 212.43 
4 -0.00 0.00 212.43 
5 -0.00 0.00 212.43 
6 -0.00 0.00 212.43 
7 -0.00 0.00 212.43 
8 -0.00 0.00 212.43 
9 -0.00 0.00 212.43 
10 -0.00 0.00 212.43 
11 -0.00 0.00 212.43 
12 -0.00 0.00 212.43 
13 -0.00 0.00 212.43 
14 -0.00 0.00 212.43 
15 -0.00 0.00 212.43 
16 -0.00 0.00 212.43 
17 -0.00 0.00 212.43 
18 -0.00 0.00 212.43 
19 -0.00 0.00 212.43 
20 -0.00 0.00 212.43 
21 -0.00 0.00 212.43 
22 -0.00 0.00 212.43 
23 -0.00 0.00 212.43 
24 -0.00 0.00 212.43 
25 -0.00 0.00 212.43 
26 -0.00 0.00 212.43 
27 -0.00 0.00 212.43 
28 -0.00 0.00 212.43 
29 -0.00 0.00 212.43 
30 -0.00 0.00 212.43 
31 -0.00 0.00 212.43 
32 -0.00 0.00 212.43 
33 -0.00 0.00 212.43 
34 -0.00 0.00 212.43 
35 -0.00 0.00 212.43 
36 -0.00 0.00 212.43 
37 -0.00 0.00 212.43 
38 -0.00 0.00 212.43 
39 -0.00 0.00 212.43 
40 -0.00 0.00 212.43 
41 -0.00 0.00 212.43 
42 -0.00 0.00 212.43 
43 -0.00 0.00 212.43 
44 -0.00 0.00 212.43 
0 0.00 -0.00 212.42 
1 0.00 -0.00 212.42 
2 0.00 -0.00 212.42 
3 0.00 -0.00 212.42 
4 0.00 -0.00 212.42 
5 0.00 -0.00 212.42 
6 0.00 -0.00 212.42 
7 0.00 -0.00 212.42 
8 0.00 -0.00 212.42 
9 0.00 -0.00 212.42 
10 0.00 -0.00 212.42 
11 0.00 -0.00 212.42 
12 0.00 -0.00 212.42 
13 0.00 -0.00 212.42 
14 0.00 -0.00 212.42 
15 0.00 -0.00 212.42 
16 0.00 -0.00 212.42 
17 0.00 -0.00 212.42 
18 0.00 -0.00 212.42 
19 0.00 -0.00 212.42 
20 0.00 -0.00 212.42 
21 0.00 -0.00 212.42 
22 0.00 -0.00 212.42 
23 0.00 -0.00 212.42 
24 0.00 -0.00 212.42 
25 0.01 -0.00 212.42 
26 0.01 -0.00 212.42 
27 0.01 -0.00 212.42 
28 0.01 -0.00 212.42 
29 0.01 -0.00 212.42 
30 0.00 -0.00 212.42 
31 0.00 -0.00 212.42 
32 0.00 -0.00 212.42 
33 0.00 -0.00 212.42 
34 0.00 -0.00 212.42 
35 0.00 -0.00 212.42 
36 0.00 -0.00 212.42 
37 0.00 -0.00 212.42 
38 0.00 -0.00 212.42 
39 0.00 -0.00 212.42 
40 0.00 -0.00 212.42 
41 0.00 -0.00 212.41 
42 0.00 -0.00 212.42 
43 0.00 -0.00 212.41 
44 0.00 -0.00 212.41 
45 0.00 -0.00 212.42 
46 0.00 -0.00 212.41 
47 0.00 -0.00 212.41 
48 0.00 -0.00 212.42 
49 0.00 -0.00 212.42 
50 0.00 -0.00 212.42 
51 0.00 -0.00 212.42 
52 0.00 -0.00 212.42 
53 0.00 -0.00 212.42 
54 0.00 -0.00 212.42 
55 0.00 -0.00 212.42 
56 0.00 -0.00 212.42 
57 0.00 -0.00 212.41 
58 0.00 -0.00 212.42 
59 0.00 -0.00 212.41 
60 0.00 -0.00 212.41 
61 0.00 -0.00 212.41 
62 0.00 -0.00 212.41 
63 0.00 -0.00 212.41 
64 0.00 -0.00 212.42 
65 0.00 -0.00 212.42 
66 0.00 -0.00 212.42 
67 0.00 -0.00 212.41 
68 0.00 -0.00 212.41 
