0 0.00 0.01 212.41 
1 0.00 0.01 212.41 
2 0.00 0.01 212.41 
3 0.00 0.01 212.41 
4 0.00 0.01 212.41 
5 0.00 0.01 212.41 
6 0.00 0.01 212.42 
7 0.00 0.01 212.42 
8 0.00 0.01 212.42 
9 0.00 0.01 212.42 
10 0.00 0.01 212.42 
11 0.00 0.01 212.42 
12 0.00 0.01 212.42 
13 0.00 0.01 212.42 
14 0.00 0.01 212.42 
15 0.00 0.01 212.42 
16 0.00 0.01 212.42 
17 0.00 0.01 212.42 
18 0.00 0.01 212.42 
19 0.00 0.01 212.42 
20 0.00 0.01 212.42 
21 0.00 0.01 212.42 
22 0.00 0.01 212.42 
23 0.00 0.01 212.42 
24 0.00 0.01 212.42 
25 0.00 0.01 212.42 
26 0.00 0.01 212.42 
27 0.00 0.01 212.42 
28 0.00 0.01 212.42 
29 0.00 0.01 212.42 
30 0.00 0.00 212.42 
31 0.00 0.00 212.42 
32 0.00 0.00 212.42 
33 0.00 0.00 212.42 
34 0.00 0.00 212.42 
35 0.00 0.00 212.42 
36 -0.00 0.00 212.42 
37 -0.00 0.00 212.42 
38 -0.00 0.00 212.42 
39 -0.00 0.00 212.42 
40 -0.00 0.00 212.42 
41 -0.00 0.01 212.42 
42 -0.00 0.00 212.42 
43 -0.00 0.00 212.42 
44 -0.00 0.00 212.42 
45 -0.00 0.00 212.42 
46 -0.00 0.00 212.42 
47 -0.00 0.00 212.42 
48 -0.00 0.00 212.42 
49 -0.00 0.00 212.42 
50 -0.00 0.00 212.42 
51 -0.00 0.00 212.42 
52 -0.00 0.00 212.42 
53 -0.00 0.00 212.42 
54 -0.00 0.00 212.42 
55 -0.00 0.00 212.42 
56 -0.00 0.00 212.42 
57 -0.00 0.00 212.42 
58 -0.00 0.00 212.42 
59 -0.00 0.00 212.42 
60 -0.00 0.00 212.42 
61 -0.00 0.00 212.42 
62 -0.00 0.00 212.42 
63 -0.00 0.00 212.42 
64 -0.00 0.00 212.42 
65 -0.00 0.00 212.42 
66 -0.00 0.00 212.42 
67 -0.00 0.00 212.42 
68 -0.00 0.00 212.42 
69 -0.00 0.00 212.42 
70 -0.00 0.00 212.42 
71 -0.00 0.00 212.42 
72 -0.00 0.00 212.42 
73 -0.00 0.00 212.42 
74 -0.00 0.00 212.42 
75 -0.00 0.00 212.42 
76 -0.00 0.00 212.42 
77 -0.00 0.00 212.42 
78 -0.00 0.00 212.42 
79 -0.00 0.00 212.42 
80 -0.00 0.00 212.42 
81 -0.00 0.00 212.42 
82 -0.00 0.00 212.42 
83 -0.00 0.00 212.42 
84 -0.00 0.00 212.42 
85 -0.00 0.00 212.42 
86 -0.00 0.00 212.42 
87 -0.00 0.00 212.42 
88 -0.00 0.00 212.42 
89 -0.00 0.00 212.42 
90 -0.00 0.00 212.42 
91 -0.00 0.00 212.42 
92 -0.00 0.00 212.42 
93 -0.00 0.00 212.42 
94 -0.00 0.00 212.42 
95 -0.00 0.00 212.42 
96 -0.00 0.00 212.42 
97 -0.00 0.00 212.42 
98 -0.00 0.00 212.42 
99 -0.00 0.00 212.42 
100 -0.00 0.00 212.42 
101 -0.00 0.00 212.42 
102 -0.00 0.00 212.42 
103 -0.00 0.00 212.42 
104 -0.00 0.00 212.42 
105 -0.00 0.00 212.42 
106 -0.00 0.00 212.42 
107 -0.00 0.00 212.42 
108 -0.00 0.00 212.42 
109 -0.00 0.00 212.42 
110 -0.00 0.00 212.42 
111 -0.00 0.00 212.42 
112 -0.00 0.00 212.42 
113 -0.00 0.00 212.42 
114 -0.00 0.00 212.42 
115 -0.00 0.00 212.42 
116 -0.00 0.00 212.42 
117 -0.00 0.00 212.42 
118 -0.00 0.00 212.42 
119 -0.00 0.00 212.42 
120 -0.00 0.00 212.42 
121 -0.00 0.00 212.42 
122 -0.00 0.00 212.42 
123 -0.00 0.00 212.42 
124 -0.00 0.00 212.42 
125 -0.00 0.00 212.42 
126 -0.00 0.00 212.42 
127 -0.00 0.00 212.42 
128 -0.00 0.00 212.42 
129 -0.00 0.00 212.42 
130 -0.00 0.00 212.42 
131 -0.00 0.00 212.42 
132 -0.00 0.00 212.42 
133 -0.00 0.00 212.42 
134 -0.00 0.00 212.42 
135 -0.00 0.00 212.42 
136 -0.00 0.00 212.42 
137 -0.00 0.00 212.42 
138 -0.00 0.00 212.42 
139 -0.00 0.00 212.42 
140 -0.00 0.00 212.42 
141 -0.00 0.00 212.42 
142 -0.00 0.00 212.42 
143 -0.00 0.00 212.42 
144 -0.00 0.00 212.42 
145 -0.00 0.00 212.42 
146 -0.00 0.00 212.42 
147 -0.00 0.00 212.42 
148 -0.00 0.00 212.42 
149 -0.00 0.00 212.42 
150 -0.00 0.00 212.42 
151 -0.00 0.00 212.42 
152 -0.00 0.00 212.42 
153 -0.00 0.00 212.42 
154 -0.00 0.00 212.42 
155 -0.00 0.00 212.42 
156 -0.00 0.00 212.42 
157 -0.00 0.00 212.42 
158 -0.00 0.00 212.42 
159 -0.00 0.00 212.42 
160 -0.00 0.00 212.41 
161 -0.00 0.00 212.41 
162 -0.00 0.00 212.41 
163 -0.00 0.00 212.41 
164 -0.00 0.00 212.41 
165 -0.00 0.00 212.41 
166 -0.00 0.00 212.41 
167 -0.00 0.00 212.42 
168 -0.00 0.00 212.41 
169 -0.00 0.00 212.41 
170 -0.00 0.00 212.41 
171 -0.00 0.00 212.41 
172 -0.00 0.00 212.41 
173 -0.00 0.00 212.41 
174 -0.00 0.00 212.41 
175 -0.00 0.00 212.41 
176 -0.00 0.00 212.41 
177 -0.00 0.00 212.41 
178 -0.00 0.00 212.41 
179 -0.00 0.00 212.41 
180 -0.00 0.00 212.41 
181 -0.00 0.00 212.41 
182 -0.00 0.00 212.41 
183 -0.00 0.00 212.41 
184 -0.00 0.00 212.41 
185 -0.00 0.00 212.41 
186 -0.00 0.00 212.41 
187 -0.00 0.00 212.41 
188 -0.00 0.00 212.41 
189 0.00 0.00 212.41 
190 0.00 0.00 212.41 
191 0.00 0.01 212.41 
192 0.00 0.01 212.41 
193 0.00 0.01 212.41 
194 0.00 0.01 212.41 
195 0.00 0.01 212.41 
196 0.00 0.01 212.41 
197 0.00 0.01 212.41 
198 0.00 0.01 212.41 
199 0.00 0.01 212.41 
200 0.00 0.01 212.41 
201 0.00 0.01 212.41 
202 0.00 0.01 212.41 
203 0.00 0.01 212.41 
204 0.00 0.01 212.41 
205 0.00 0.01 212.41 
206 0.00 0.01 212.41 
207 0.00 0.01 212.41 
208 0.00 0.01 212.41 
209 0.00 0.01 212.41 
210 0.00 0.01 212.41 
211 0.00 0.01 212.41 
212 0.00 0.01 212.41 
213 0.00 0.01 212.41 
214 0.00 0.01 212.41 
215 0.00 0.01 212.41 
216 0.00 0.01 212.41 
217 0.00 0.01 212.41 
218 0.00 0.01 212.41 
219 0.00 0.01 212.41 
220 0.00 0.01 212.41 
221 0.00 0.01 212.41 
222 0.00 0.01 212.41 
223 0.00 0.01 212.41 
224 0.00 0.01 212.41 
225 0.00 0.01 212.41 
226 0.00 0.01 212.41 
227 0.00 0.01 212.41 
228 0.00 0.01 212.41 
229 0.00 0.01 212.41 
230 0.00 0.01 212.41 
231 0.00 0.01 212.41 
232 0.00 0.01 212.41 
233 0.00 0.01 212.41 
234 0.00 0.01 212.41 
235 0.00 0.01 212.41 
236 0.00 0.01 212.41 
237 0.00 0.01 212.41 
238 0.00 0.01 212.41 
239 0.00 0.01 212.41 
240 0.00 0.01 212.41 
241 0.00 0.01 212.41 
242 0.00 0.01 212.41 
243 0.00 0.01 212.41 
244 0.00 0.01 212.41 
245 0.00 0.01 212.41 
246 0.00 0.01 212.41 
247 0.00 0.01 212.41 
248 0.00 0.01 212.41 
249 0.00 0.01 212.41 
250 0.00 0.01 212.41 
251 0.00 0.01 212.41 
252 0.00 0.01 212.41 
253 0.00 0.01 212.41 
254 0.00 0.01 212.41 
255 0.00 0.01 212.41 
256 0.00 0.01 212.41 
257 0.00 0.01 212.41 
258 0.00 0.01 212.41 
259 0.00 0.01 212.41 
260 0.00 0.01 212.41 
261 0.00 0.01 212.41 
262 0.00 0.01 212.41 
263 0.00 0.01 212.41 
264 0.00 0.01 212.41 
265 0.00 0.01 212.41 
266 0.00 0.01 212.41 
267 0.00 0.01 212.41 
268 0.00 0.01 212.41 
269 0.00 0.01 212.41 
270 0.00 0.01 212.41 
271 0.00 0.01 212.41 
272 0.00 0.01 212.41 
273 0.00 0.01 212.41 
274 0.00 0.01 212.41 
275 0.00 0.01 212.41 
276 0.00 0.01 212.41 
277 0.00 0.01 212.41 
278 0.00 0.01 212.41 
279 0.00 0.01 212.41 
280 0.00 0.01 212.41 
281 0.00 0.01 212.41 
282 0.00 0.01 212.41 
283 0.00 0.01 212.41 
284 0.00 0.01 212.41 
285 0.00 0.01 212.41 
286 0.00 0.01 212.41 
287 0.00 0.01 212.41 
288 0.00 0.01 212.40 
289 0.00 0.01 212.40 
290 0.00 0.01 212.41 
291 0.00 0.01 212.40 
292 0.00 0.01 212.41 
293 0.00 0.01 212.41 
294 0.00 0.01 212.41 
295 0.00 0.01 212.41 
296 0.00 0.01 212.41 
297 0.00 0.01 212.41 
298 0.00 0.01 212.41 
299 0.00 0.01 212.41 
300 0.00 0.01 212.40 
301 0.00 0.01 212.40 
302 -0.00 0.01 212.41 
303 -0.00 0.01 212.41 
304 -0.00 0.01 212.41 
305 -0.00 0.01 212.41 
306 -0.00 0.01 212.41 
307 -0.00 0.01 212.41 
308 -0.00 0.01 212.41 
309 -0.00 0.01 212.41 
310 -0.00 0.01 212.41 
311 -0.00 0.01 212.41 
312 -0.00 0.01 212.41 
313 -0.00 0.01 212.41 
314 -0.00 0.01 212.41 
315 -0.00 0.01 212.41 
316 -0.00 0.00 212.41 
317 -0.00 0.00 212.41 
318 -0.00 0.00 212.41 
319 -0.00 0.00 212.41 
320 -0.00 0.00 212.41 
321 -0.00 0.00 212.41 
322 -0.00 0.00 212.41 
323 -0.00 0.00 212.41 
324 -0.00 0.00 212.41 
325 -0.00 0.00 212.41 
326 -0.00 0.00 212.41 
327 -0.00 0.00 212.41 
328 -0.00 0.00 212.41 
329 -0.00 0.00 212.41 
330 -0.00 0.00 212.41 
331 -0.00 0.00 212.41 
332 -0.00 0.00 212.41 
333 -0.00 0.00 212.41 
334 -0.00 -0.00 212.41 
335 -0.00 -0.00 212.41 
336 -0.00 -0.00 212.41 
337 -0.00 -0.00 212.41 
338 -0.00 -0.00 212.41 
339 -0.00 -0.00 212.41 
340 -0.00 -0.00 212.41 
341 -0.00 -0.00 212.41 
342 -0.00 -0.00 212.41 
343 -0.00 -0.00 212.41 
344 -0.00 -0.00 212.41 
345 -0.00 -0.00 212.41 
346 -0.00 -0.00 212.41 
347 -0.00 -0.00 212.41 
348 -0.00 -0.00 212.41 
349 -0.00 -0.00 212.41 
350 -0.00 -0.00 212.41 
351 -0.00 -0.00 212.41 
352 -0.00 -0.00 212.41 
353 -0.00 -0.00 212.41 
354 -0.00 -0.00 212.41 
355 -0.00 -0.00 212.41 
356 -0.00 -0.00 212.41 
357 -0.00 -0.00 212.41 
358 -0.00 -0.00 212.41 
359 -0.00 -0.00 212.41 
360 -0.00 -0.00 212.41 
361 -0.00 -0.00 212.41 
362 -0.00 -0.00 212.41 
363 -0.00 -0.00 212.41 
364 -0.00 -0.00 212.41 
365 -0.00 -0.00 212.41 
366 -0.00 -0.00 212.41 
367 -0.00 -0.00 212.41 
368 -0.00 -0.00 212.41 
369 -0.00 -0.00 212.41 
370 -0.00 -0.00 212.41 
371 -0.00 -0.00 212.41 
372 -0.00 -0.00 212.41 
373 -0.00 -0.00 212.41 
374 -0.00 -0.00 212.41 
375 -0.00 -0.00 212.41 
376 -0.00 -0.00 212.41 
377 -0.00 -0.00 212.41 
378 -0.00 -0.00 212.41 
379 -0.00 -0.00 212.41 
380 -0.00 -0.00 212.41 
381 -0.00 -0.00 212.41 
382 -0.00 0.00 212.41 
383 -0.00 0.00 212.41 
384 -0.00 0.00 212.41 
385 -0.00 0.00 212.41 
386 -0.00 0.00 212.41 
387 -0.00 0.00 212.41 
388 -0.00 0.00 212.41 
389 -0.00 0.00 212.41 
390 -0.00 0.00 212.41 
391 -0.00 0.00 212.41 
392 -0.00 0.00 212.41 
393 -0.00 0.00 212.41 
394 -0.00 0.00 212.41 
395 -0.00 0.00 212.41 
396 -0.00 0.00 212.41 
397 -0.00 0.00 212.41 
398 -0.00 0.00 212.41 
399 -0.00 0.00 212.41 
400 -0.00 0.00 212.41 
401 -0.00 0.00 212.41 
402 -0.00 0.00 212.41 
403 -0.00 0.00 212.41 
404 -0.00 0.00 212.41 
405 -0.00 0.00 212.41 
406 -0.00 0.00 212.41 
407 -0.00 0.00 212.41 
408 -0.00 0.00 212.41 
409 -0.00 0.00 212.41 
410 -0.00 0.00 212.41 
411 -0.00 0.00 212.41 
412 -0.00 0.00 212.41 
413 -0.00 0.00 212.41 
414 -0.00 0.00 212.41 
415 -0.00 0.00 212.41 
416 -0.00 0.00 212.41 
417 -0.00 0.00 212.41 
418 -0.00 0.00 212.41 
419 -0.00 0.00 212.41 
420 -0.00 0.00 212.41 
421 -0.00 0.00 212.41 
422 -0.00 0.00 212.41 
423 -0.00 0.00 212.41 
424 -0.00 0.00 212.41 
425 -0.00 0.00 212.41 
426 -0.00 0.00 212.41 
427 -0.00 0.00 212.41 
428 -0.00 0.00 212.41 
429 -0.00 0.00 212.41 
430 -0.00 0.00 212.41 
431 -0.00 0.00 212.41 
432 -0.00 0.00 212.41 
433 -0.00 0.00 212.41 
434 -0.00 0.00 212.42 
435 -0.00 0.00 212.42 
436 -0.00 0.00 212.41 
437 -0.00 0.00 212.42 
438 -0.00 0.00 212.41 
439 -0.00 0.00 212.41 
440 -0.00 0.00 212.41 
441 -0.00 0.00 212.41 
442 -0.00 0.00 212.41 
443 -0.00 0.00 212.41 
444 -0.00 0.00 212.41 
445 -0.00 0.00 212.41 
446 -0.01 -0.00 212.42 
447 -0.01 -0.01 212.42 
448 -0.01 -0.01 212.43 
449 -0.02 -0.02 212.44 
450 -0.02 -0.03 212.45 
451 -0.03 -0.04 212.47 
452 -0.04 -0.05 212.49 
453 -0.05 -0.07 212.53 
454 -0.06 -0.09 212.57 
455 -0.09 -0.13 212.64 
456 -0.11 -0.17 212.71 
457 -0.13 -0.21 212.81 
458 -0.16 -0.24 212.87 
459 -0.18 -0.28 212.94 
460 -0.20 -0.31 213.01 
461 -0.22 -0.34 213.04 
462 -0.24 -0.37 213.07 
463 -0.27 -0.41 213.12 
464 -0.29 -0.45 213.17 
465 -0.32 -0.49 213.22 
466 -0.35 -0.54 213.28 
467 -0.38 -0.59 213.35 
468 -0.42 -0.64 213.41 
469 -0.46 -0.70 213.46 
470 -0.49 -0.76 213.49 
471 -0.53 -0.81 213.52 
472 -0.57 -0.87 213.53 
473 -0.61 -0.93 213.55 
474 -0.65 -0.99 213.55 
475 -0.69 -1.04 213.56 
476 -0.72 -1.10 213.55 
477 -0.76 -1.15 213.55 
478 -0.80 -1.21 213.52 
479 -0.84 -1.26 213.50 
480 -0.87 -1.32 213.45 
481 -0.91 -1.37 213.42 
482 -0.95 -1.43 213.36 
483 -0.99 -1.49 213.31 
484 -1.03 -1.54 213.23 
485 -1.06 -1.60 213.19 
486 -1.10 -1.66 213.12 
487 -1.14 -1.72 213.07 
488 -1.18 -1.78 213.00 
489 -1.22 -1.84 212.95 
490 -1.26 -1.90 212.87 
491 -1.30 -1.96 212.82 
492 -1.34 -2.02 212.74 
493 -1.38 -2.09 212.68 
494 -1.43 -2.15 212.61 
495 -1.47 -2.23 212.55 
496 -1.52 -2.30 212.49 
497 -1.56 -2.37 212.41 
498 -1.61 -2.45 212.34 
499 -1.66 -2.52 212.25 
500 -1.71 -2.60 212.17 
501 -1.76 -2.68 212.10 
502 -1.81 -2.76 212.06 
503 -1.85 -2.84 212.05 
504 -1.90 -2.92 212.06 
505 -1.95 -3.00 212.09 
506 -2.00 -3.08 212.12 
507 -2.05 -3.17 212.18 
508 -2.11 -3.25 212.25 
509 -2.16 -3.33 212.31 
510 -2.21 -3.41 212.37 
511 -2.26 -3.50 212.43 
512 -2.32 -3.58 212.49 
513 -2.37 -3.67 212.55 
514 -2.42 -3.75 212.59 
515 -2.48 -3.84 212.63 
516 -2.53 -3.92 212.66 
517 -2.58 -4.01 212.68 
518 -2.64 -4.09 212.70 
519 -2.69 -4.18 212.72 
520 -2.75 -4.26 212.74 
521 -2.80 -4.35 212.76 
522 -2.86 -4.43 212.79 
523 -2.91 -4.52 212.81 
524 -2.97 -4.60 212.83 
525 -3.02 -4.69 212.84 
526 -3.08 -4.77 212.86 
527 -3.13 -4.86 212.89 
528 -3.19 -4.94 212.92 
529 -3.24 -5.03 212.97 
530 -3.30 -5.12 213.00 
531 -3.36 -5.21 213.04 
532 -3.41 -5.30 213.08 
533 -3.47 -5.39 213.10 
534 -3.53 -5.48 213.10 
535 -3.59 -5.57 213.10 
536 -3.65 -5.67 213.10 
537 -3.71 -5.76 213.10 
538 -3.77 -5.85 213.10 
539 -3.83 -5.94 213.10 
540 -3.89 -6.03 213.09 
541 -3.95 -6.13 213.08 
542 -4.01 -6.22 213.08 
543 -4.07 -6.31 213.07 
544 -4.13 -6.40 213.07 
545 -4.19 -6.49 213.07 
546 -4.25 -6.59 213.08 
547 -4.31 -6.68 213.08 
548 -4.37 -6.77 213.08 
549 -4.43 -6.86 213.07 
550 -4.49 -6.96 213.06 
551 -4.55 -7.05 213.06 
552 -4.61 -7.14 213.06 
553 -4.67 -7.24 213.06 
554 -4.73 -7.33 213.05 
555 -4.79 -7.42 213.04 
556 -4.85 -7.52 213.03 
557 -4.91 -7.61 213.02 
558 -4.97 -7.70 213.03 
559 -5.03 -7.80 213.04 
560 -5.09 -7.89 213.05 
561 -5.15 -7.98 213.05 
562 -5.21 -8.08 213.04 
563 -5.27 -8.17 213.02 
564 -5.33 -8.26 213.01 
565 -5.39 -8.35 213.02 
566 -5.45 -8.45 213.02 
567 -5.50 -8.54 213.02 
568 -5.56 -8.63 213.02 
569 -5.62 -8.72 213.02 
570 -5.68 -8.81 213.02 
571 -5.74 -8.90 213.02 
572 -5.80 -9.00 213.02 
573 -5.86 -9.09 213.03 
574 -5.92 -9.18 213.03 
575 -5.98 -9.28 213.03 
576 -6.04 -9.37 213.02 
577 -6.10 -9.46 213.01 
578 -6.16 -9.56 213.02 
579 -6.22 -9.65 213.01 
580 -6.28 -9.74 213.01 
581 -6.34 -9.84 213.02 
582 -6.40 -9.93 213.02 
583 -6.46 -10.02 213.01 
584 -6.52 -10.11 213.00 
585 -6.58 -10.20 212.98 
586 -6.63 -10.30 212.97 
587 -6.69 -10.39 212.95 
588 -6.75 -10.48 212.94 
589 -6.81 -10.57 212.93 
590 -6.87 -10.66 212.92 
591 -6.93 -10.75 212.91 
592 -6.98 -10.84 212.89 
593 -7.04 -10.93 212.87 
594 -7.10 -11.02 212.86 
595 -7.16 -11.11 212.85 
596 -7.22 -11.20 212.84 
597 -7.28 -11.29 212.82 
598 -7.33 -11.38 212.80 
599 -7.39 -11.47 212.79 
600 -7.45 -11.56 212.76 
601 -7.50 -11.65 212.74 
602 -7.56 -11.74 212.72 
603 -7.62 -11.83 212.70 
604 -7.68 -11.92 212.68 
605 -7.73 -12.00 212.67 
606 -7.79 -12.09 212.66 
607 -7.85 -12.18 212.64 
608 -7.91 -12.27 212.63 
609 -7.96 -12.36 212.62 
610 -8.02 -12.45 212.62 
611 -8.08 -12.54 212.63 
612 -8.13 -12.63 212.63 
613 -8.19 -12.71 212.63 
614 -8.24 -12.80 212.63 
615 -8.30 -12.89 212.62 
616 -8.36 -12.98 212.61 
617 -8.41 -13.07 212.60 
618 -8.47 -13.16 212.58 
619 -8.53 -13.24 212.57 
620 -8.58 -13.33 212.54 
621 -8.64 -13.42 212.52 
622 -8.69 -13.51 212.50 
623 -8.75 -13.59 212.47 
624 -8.81 -13.68 212.45 
625 -8.86 -13.77 212.43 
626 -8.92 -13.86 212.41 
627 -8.97 -13.94 212.40 
628 -9.02 -14.03 212.39 
629 -9.08 -14.12 212.38 
630 -9.13 -14.20 212.37 
631 -9.19 -14.29 212.36 
632 -9.24 -14.37 212.35 
633 -9.30 -14.46 212.34 
634 -9.35 -14.55 212.34 
635 -9.41 -14.63 212.33 
636 -9.46 -14.72 212.32 
637 -9.51 -14.80 212.31 
638 -9.57 -14.89 212.29 
639 -9.62 -14.97 212.28 
640 -9.68 -15.06 212.26 
641 -9.73 -15.15 212.25 
642 -9.79 -15.23 212.23 
643 -9.84 -15.32 212.23 
644 -9.89 -15.40 212.21 
645 -9.94 -15.49 212.19 
646 -10.00 -15.57 212.17 
647 -10.05 -15.66 212.16 
648 -10.10 -15.74 212.14 
649 -10.16 -15.82 212.13 
650 -10.21 -15.91 212.13 
651 -10.26 -15.99 212.13 
652 -10.32 -16.08 212.14 
653 -10.37 -16.16 212.15 
654 -10.42 -16.25 212.15 
655 -10.47 -16.33 212.15 
656 -10.53 -16.42 212.14 
657 -10.58 -16.50 212.13 
658 -10.64 -16.58 212.12 
659 -10.69 -16.67 212.12 
660 -10.74 -16.75 212.12 
661 -10.79 -16.83 212.12 
662 -10.85 -16.92 212.13 
663 -10.90 -17.00 212.13 
664 -10.95 -17.08 212.15 
665 -11.00 -17.17 212.16 
666 -11.06 -17.25 212.17 
667 -11.11 -17.34 212.18 
668 -11.16 -17.42 212.20 
669 -11.21 -17.50 212.21 
670 -11.27 -17.59 212.23 
671 -11.32 -17.67 212.25 
672 -11.37 -17.75 212.27 
673 -11.42 -17.84 212.29 
674 -11.48 -17.92 212.32 
675 -11.53 -18.00 212.33 
676 -11.58 -18.09 212.35 
677 -11.63 -18.17 212.37 
678 -11.69 -18.25 212.38 
679 -11.74 -18.33 212.40 
680 -11.79 -18.42 212.41 
681 -11.84 -18.50 212.42 
682 -11.89 -18.58 212.42 
683 -11.95 -18.67 212.43 
684 -12.00 -18.75 212.43 
685 -12.05 -18.83 212.44 
686 -12.11 -18.92 212.45 
687 -12.16 -19.00 212.45 
688 -12.21 -19.09 212.45 
689 -12.26 -19.17 212.44 
690 -12.32 -19.25 212.43 
691 -12.37 -19.34 212.42 
692 -12.42 -19.42 212.42 
693 -12.47 -19.50 212.41 
694 -12.53 -19.58 212.41 
695 -12.58 -19.67 212.41 
696 -12.63 -19.75 212.40 
697 -12.68 -19.83 212.39 
698 -12.74 -19.91 212.38 
699 -12.79 -20.00 212.37 
700 -12.84 -20.08 212.37 
701 -12.89 -20.16 212.37 
702 -12.95 -20.24 212.37 
703 -13.00 -20.33 212.37 
704 -13.05 -20.41 212.36 
705 -13.10 -20.49 212.35 
706 -13.16 -20.58 212.34 
707 -13.21 -20.66 212.33 
708 -13.26 -20.74 212.32 
709 -13.31 -20.83 212.32 
710 -13.37 -20.91 212.32 
711 -13.42 -20.99 212.31 
712 -13.47 -21.07 212.29 
713 -13.53 -21.16 212.27 
714 -13.58 -21.24 212.26 
715 -13.63 -21.32 212.27 
716 -13.68 -21.40 212.27 
717 -13.73 -21.49 212.28 
718 -13.78 -21.57 212.30 
719 -13.83 -21.65 212.31 
720 -13.89 -21.74 212.31 
721 -13.94 -21.82 212.31 
722 -13.99 -21.90 212.30 
723 -14.04 -21.98 212.31 
724 -14.10 -22.07 212.32 
725 -14.15 -22.15 212.33 
726 -14.20 -22.23 212.34 
727 -14.25 -22.31 212.34 
728 -14.31 -22.39 212.34 
729 -14.36 -22.48 212.34 
730 -14.41 -22.56 212.34 
731 -14.46 -22.64 212.35 
732 -14.52 -22.72 212.36 
733 -14.57 -22.80 212.38 
734 -14.62 -22.88 212.40 
735 -14.67 -22.96 212.42 
736 -14.72 -23.04 212.43 
737 -14.77 -23.12 212.43 
738 -14.83 -23.21 212.44 
739 -14.88 -23.29 212.44 
740 -14.93 -23.37 212.46 
741 -14.98 -23.45 212.47 
742 -15.03 -23.53 212.49 
743 -15.08 -23.61 212.50 
744 -15.14 -23.69 212.50 
745 -15.19 -23.77 212.51 
746 -15.24 -23.85 212.51 
747 -15.29 -23.93 212.53 
748 -15.34 -24.02 212.54 
749 -15.39 -24.10 212.55 
750 -15.44 -24.18 212.56 
751 -15.50 -24.26 212.57 
752 -15.55 -24.34 212.58 
753 -15.60 -24.42 212.59 
754 -15.65 -24.50 212.60 
755 -15.70 -24.58 212.61 
756 -15.75 -24.66 212.62 
757 -15.80 -24.74 212.63 
758 -15.85 -24.82 212.63 
759 -15.90 -24.90 212.64 
760 -15.95 -24.97 212.65 
761 -16.00 -25.05 212.66 
762 -16.05 -25.13 212.67 
763 -16.10 -25.20 212.69 
764 -16.15 -25.28 212.71 
765 -16.20 -25.36 212.74 
766 -16.25 -25.43 212.76 
767 -16.30 -25.51 212.79 
768 -16.35 -25.59 212.82 
769 -16.40 -25.67 212.84 
770 -16.45 -25.74 212.87 
771 -16.50 -25.82 212.90 
772 -16.55 -25.89 212.94 
773 -16.59 -25.96 212.95 
774 -16.63 -26.02 212.98 
775 -16.67 -26.08 213.00 
776 -16.71 -26.13 213.01 
777 -16.74 -26.18 213.02 
778 -16.77 -26.23 213.04 
779 -16.80 -26.28 213.05 
780 -16.83 -26.33 213.06 
781 -16.87 -26.38 213.05 
782 -16.90 -26.44 213.07 
783 -16.94 -26.49 213.08 
784 -16.98 -26.55 213.07 
785 -17.02 -26.61 213.09 
786 -17.06 -26.67 213.10 
787 -17.10 -26.74 213.12 
788 -17.14 -26.80 213.12 
789 -17.18 -26.87 213.13 
790 -17.23 -26.93 213.14 
791 -17.27 -27.00 213.16 
792 -17.31 -27.07 213.17 
793 -17.36 -27.14 213.18 
794 -17.40 -27.20 213.19 
795 -17.44 -27.27 213.20 
796 -17.49 -27.34 213.20 
797 -17.53 -27.40 213.22 
798 -17.58 -27.47 213.22 
799 -17.62 -27.54 213.24 
800 -17.66 -27.60 213.25 
801 -17.70 -27.67 213.26 
802 -17.74 -27.73 213.28 
803 -17.79 -27.79 213.29 
804 -17.83 -27.86 213.31 
805 -17.87 -27.92 213.31 
806 -17.91 -27.99 213.33 
807 -17.95 -28.05 213.34 
808 -17.99 -28.11 213.34 
809 -18.04 -28.17 213.35 
810 -18.08 -28.24 213.35 
811 -18.12 -28.30 213.36 
812 -18.16 -28.36 213.36 
813 -18.20 -28.42 213.37 
814 -18.24 -28.48 213.37 
815 -18.28 -28.54 213.39 
816 -18.32 -28.60 213.38 
817 -18.36 -28.66 213.39 
818 -18.40 -28.72 213.39 
819 -18.44 -28.78 213.39 
820 -18.48 -28.84 213.40 
821 -18.52 -28.90 213.40 
822 -18.56 -28.96 213.40 
823 -18.60 -29.02 213.39 
824 -18.64 -29.08 213.40 
825 -18.68 -29.14 213.39 
826 -18.72 -29.20 213.40 
827 -18.76 -29.26 213.40 
828 -18.80 -29.32 213.41 
829 -18.84 -29.38 213.42 
830 -18.88 -29.44 213.44 
831 -18.92 -29.50 213.45 
832 -18.96 -29.56 213.47 
833 -19.00 -29.62 213.49 
834 -19.04 -29.68 213.49 
835 -19.08 -29.74 213.51 
836 -19.12 -29.80 213.50 
837 -19.16 -29.86 213.52 
838 -19.20 -29.92 213.51 
839 -19.24 -29.98 213.51 
840 -19.28 -30.04 213.50 
841 -19.32 -30.10 213.51 
842 -19.36 -30.16 213.50 
843 -19.40 -30.22 213.51 
844 -19.44 -30.28 213.52 
845 -19.48 -30.34 213.53 
846 -19.51 -30.40 213.54 
847 -19.55 -30.46 213.53 
848 -19.59 -30.52 213.55 
849 -19.63 -30.58 213.54 
850 -19.67 -30.64 213.56 
851 -19.71 -30.70 213.56 
852 -19.75 -30.76 213.58 
853 -19.79 -30.82 213.59 
854 -19.83 -30.88 213.62 
855 -19.87 -30.94 213.64 
856 -19.91 -31.00 213.67 
857 -19.95 -31.05 213.70 
858 -19.99 -31.11 213.74 
859 -20.03 -31.17 213.77 
860 -20.07 -31.23 213.82 
861 -20.11 -31.29 213.86 
862 -20.15 -31.35 213.91 
863 -20.19 -31.41 213.94 
864 -20.23 -31.47 213.96 
865 -20.27 -31.53 213.99 
866 -20.31 -31.59 214.00 
867 -20.35 -31.65 214.03 
868 -20.39 -31.71 214.04 
869 -20.43 -31.77 214.07 
870 -20.47 -31.83 214.09 
871 -20.51 -31.89 214.11 
872 -20.55 -31.95 214.12 
873 -20.59 -32.01 214.15 
874 -20.63 -32.07 214.17 
875 -20.67 -32.13 214.20 
876 -20.71 -32.19 214.23 
877 -20.75 -32.25 214.27 
878 -20.80 -32.31 214.31 
879 -20.84 -32.37 214.35 
880 -20.88 -32.43 214.38 
881 -20.92 -32.49 214.40 
882 -20.96 -32.55 214.43 
883 -21.00 -32.61 214.43 
884 -21.04 -32.67 214.45 
885 -21.08 -32.73 214.46 
886 -21.12 -32.79 214.48 
887 -21.17 -32.85 214.49 
888 -21.21 -32.91 214.49 
889 -21.24 -32.97 214.50 
890 -21.29 -33.03 214.48 
891 -21.33 -33.09 214.47 
892 -21.37 -33.15 214.45 
893 -21.41 -33.21 214.44 
894 -21.45 -33.27 214.42 
895 -21.49 -33.33 214.41 
896 -21.53 -33.39 214.39 
897 -21.57 -33.45 214.37 
898 -21.61 -33.51 214.35 
899 -21.64 -33.56 214.34 
900 -21.68 -33.62 214.33 
901 -21.72 -33.68 214.32 
902 -21.76 -33.74 214.31 
903 -21.80 -33.80 214.30 
904 -21.84 -33.86 214.29 
905 -21.88 -33.92 214.27 
906 -21.92 -33.98 214.26 
907 -21.96 -34.04 214.23 
908 -22.00 -34.10 214.22 
909 -22.04 -34.16 214.20 
910 -22.08 -34.21 214.19 
911 -22.12 -34.27 214.17 
912 -22.16 -34.33 214.15 
913 -22.20 -34.39 214.13 
914 -22.24 -34.45 214.11 
915 -22.28 -34.51 214.08 
916 -22.32 -34.57 214.06 
917 -22.36 -34.63 214.04 
918 -22.40 -34.69 214.02 
919 -22.44 -34.75 214.01 
920 -22.48 -34.81 213.99 
921 -22.52 -34.87 213.97 
922 -22.56 -34.93 213.94 
923 -22.60 -34.99 213.93 
924 -22.65 -35.05 213.90 
925 -22.69 -35.11 213.89 
926 -22.73 -35.17 213.86 
927 -22.77 -35.23 213.84 
928 -22.81 -35.29 213.81 
929 -22.85 -35.35 213.79 
930 -22.89 -35.41 213.77 
931 -22.93 -35.47 213.75 
932 -22.97 -35.54 213.74 
933 -23.01 -35.60 213.73 
934 -23.05 -35.66 213.72 
935 -23.09 -35.72 213.70 
936 -23.13 -35.78 213.68 
937 -23.17 -35.84 213.64 
938 -23.21 -35.89 213.61 
939 -23.25 -35.95 213.57 
940 -23.29 -36.01 213.54 
941 -23.33 -36.07 213.51 
942 -23.37 -36.13 213.49 
943 -23.41 -36.19 213.46 
944 -23.45 -36.26 213.44 
945 -23.49 -36.32 213.41 
946 -23.53 -36.38 213.38 
947 -23.57 -36.44 213.36 
948 -23.61 -36.50 213.33 
949 -23.65 -36.57 213.31 
950 -23.69 -36.63 213.27 
951 -23.74 -36.70 213.24 
952 -23.78 -36.76 213.20 
953 -23.82 -36.83 213.16 
954 -23.87 -36.90 213.12 
955 -23.92 -36.97 213.08 
956 -23.96 -37.04 213.04 
957 -24.01 -37.11 213.00 
958 -24.06 -37.18 212.99 
959 -24.10 -37.26 212.98 
960 -24.15 -37.33 212.98 
961 -24.20 -37.40 212.99 
962 -24.24 -37.47 213.01 
963 -24.29 -37.55 213.04 
964 -24.34 -37.62 213.08 
965 -24.39 -37.69 213.12 
966 -24.43 -37.77 213.16 
967 -24.48 -37.84 213.19 
968 -24.53 -37.91 213.21 
969 -24.58 -37.99 213.22 
970 -24.63 -38.06 213.24 
971 -24.67 -38.13 213.25 
972 -24.72 -38.20 213.27 
973 -24.77 -38.28 213.30 
974 -24.82 -38.35 213.32 
975 -24.86 -38.42 213.33 
976 -24.91 -38.49 213.34 
977 -24.96 -38.57 213.34 
978 -25.01 -38.64 213.35 
979 -25.06 -38.71 213.36 
980 -25.10 -38.78 213.36 
981 -25.15 -38.85 213.37 
982 -25.20 -38.92 213.39 
983 -25.24 -38.99 213.40 
984 -25.29 -39.07 213.42 
985 -25.33 -39.14 213.43 
986 -25.38 -39.21 213.45 
987 -25.43 -39.28 213.46 
988 -25.47 -39.35 213.46 
989 -25.52 -39.42 213.44 
990 -25.56 -39.49 213.42 
991 -25.61 -39.56 213.40 
992 -25.65 -39.63 213.38 
993 -25.70 -39.70 213.36 
994 -25.74 -39.76 213.32 
995 -25.79 -39.83 213.29 
996 -25.83 -39.90 213.24 
997 -25.88 -39.97 213.20 
998 -25.92 -40.03 213.16 
999 -25.96 -40.10 213.13 
1000 -26.01 -40.17 213.10 
1001 -26.05 -40.24 213.08 
1002 -26.09 -40.30 213.06 
1003 -26.14 -40.37 213.02 
1004 -26.18 -40.44 213.00 
1005 -26.22 -40.51 212.97 
1006 -26.27 -40.57 212.95 
1007 -26.31 -40.64 212.95 
1008 -26.35 -40.71 212.94 
1009 -26.40 -40.78 212.93 
1010 -26.44 -40.84 212.93 
1011 -26.48 -40.91 212.92 
1012 -26.53 -40.98 212.93 
1013 -26.57 -41.04 212.95 
1014 -26.61 -41.11 212.98 
1015 -26.65 -41.18 213.01 
1016 -26.70 -41.24 213.04 
1017 -26.74 -41.31 213.06 
1018 -26.78 -41.38 213.08 
1019 -26.83 -41.44 213.09 
1020 -26.87 -41.51 213.10 
1021 -26.92 -41.58 213.12 
1022 -26.96 -41.65 213.14 
1023 -27.01 -41.72 213.16 
1024 -27.05 -41.78 213.19 
1025 -27.10 -41.85 213.22 
1026 -27.14 -41.92 213.25 
1027 -27.18 -41.99 213.29 
1028 -27.23 -42.06 213.33 
1029 -27.27 -42.13 213.37 
1030 -27.32 -42.19 213.39 
1031 -27.36 -42.26 213.41 
1032 -27.41 -42.33 213.42 
1033 -27.45 -42.40 213.41 
1034 -27.50 -42.47 213.40 
1035 -27.54 -42.53 213.40 
1036 -27.58 -42.60 213.39 
1037 -27.63 -42.67 213.38 
1038 -27.67 -42.74 213.37 
1039 -27.71 -42.80 213.35 
1040 -27.76 -42.87 213.34 
1041 -27.80 -42.94 213.33 
1042 -27.84 -43.00 213.32 
1043 -27.89 -43.07 213.31 
1044 -27.93 -43.13 213.30 
1045 -27.97 -43.20 213.28 
1046 -28.02 -43.26 213.25 
1047 -28.06 -43.33 213.23 
1048 -28.11 -43.39 213.20 
1049 -28.15 -43.46 213.17 
1050 -28.19 -43.52 213.14 
1051 -28.24 -43.59 213.12 
1052 -28.28 -43.66 213.11 
1053 -28.32 -43.72 213.09 
1054 -28.36 -43.79 213.08 
1055 -28.41 -43.86 213.07 
1056 -28.45 -43.92 213.05 
1057 -28.49 -43.99 213.02 
1058 -28.54 -44.05 212.99 
1059 -28.58 -44.12 212.96 
1060 -28.62 -44.18 212.94 
1061 -28.66 -44.25 212.91 
1062 -28.71 -44.32 212.89 
1063 -28.75 -44.38 212.86 
1064 -28.79 -44.45 212.83 
1065 -28.83 -44.51 212.80 
1066 -28.87 -44.58 212.78 
1067 -28.91 -44.64 212.75 
1068 -28.96 -44.71 212.74 
1069 -29.00 -44.77 212.71 
1070 -29.04 -44.84 212.68 
1071 -29.08 -44.90 212.65 
1072 -29.12 -44.96 212.62 
1073 -29.16 -45.03 212.60 
1074 -29.20 -45.09 212.57 
1075 -29.24 -45.16 212.55 
1076 -29.28 -45.22 212.53 
1077 -29.33 -45.28 212.51 
1078 -29.37 -45.35 212.51 
1079 -29.41 -45.41 212.50 
1080 -29.45 -45.47 212.51 
1081 -29.49 -45.54 212.51 
1082 -29.53 -45.60 212.51 
1083 -29.57 -45.66 212.50 
1084 -29.61 -45.73 212.50 
1085 -29.65 -45.79 212.51 
1086 -29.69 -45.85 212.51 
1087 -29.73 -45.92 212.52 
1088 -29.77 -45.98 212.52 
1089 -29.81 -46.04 212.52 
1090 -29.85 -46.11 212.52 
1091 -29.90 -46.17 212.52 
1092 -29.94 -46.23 212.51 
1093 -29.98 -46.30 212.53 
1094 -30.02 -46.36 212.53 
1095 -30.06 -46.42 212.55 
1096 -30.10 -46.48 212.56 
1097 -30.13 -46.54 212.58 
1098 -30.17 -46.61 212.59 
1099 -30.21 -46.67 212.60 
1100 -30.25 -46.73 212.61 
1101 -30.29 -46.79 212.61 
1102 -30.33 -46.85 212.62 
1103 -30.37 -46.91 212.62 
1104 -30.41 -46.97 212.63 
1105 -30.45 -47.03 212.63 
1106 -30.49 -47.09 212.64 
1107 -30.52 -47.15 212.64 
1108 -30.56 -47.22 212.65 
1109 -30.60 -47.28 212.65 
1110 -30.64 -47.34 212.66 
1111 -30.68 -47.40 212.67 
1112 -30.72 -47.46 212.67 
1113 -30.76 -47.52 212.69 
1114 -30.80 -47.58 212.68 
1115 -30.84 -47.64 212.70 
1116 -30.87 -47.70 212.70 
1117 -30.91 -47.75 212.72 
1118 -30.94 -47.80 212.72 
1119 -30.97 -47.85 212.71 
1120 -31.00 -47.90 212.68 
1121 -31.03 -47.94 212.64 
1122 -31.05 -47.97 212.61 
1123 -31.07 -48.00 212.57 
1124 -31.09 -48.03 212.56 
1125 -31.10 -48.05 212.55 
1126 -31.10 -48.06 212.55 
1127 -31.10 -48.06 212.55 
1128 -31.10 -48.06 212.55 
1129 -31.10 -48.06 212.56 
1130 -31.10 -48.05 212.56 
1131 -31.10 -48.05 212.56 
1132 -31.10 -48.05 212.56 
1133 -31.10 -48.05 212.56 
1134 -31.10 -48.05 212.56 
1135 -31.10 -48.05 212.56 
1136 -31.10 -48.05 212.56 
1137 -31.10 -48.05 212.56 
1138 -31.10 -48.05 212.56 
1139 -31.10 -48.05 212.56 
1140 -31.10 -48.05 212.56 
1141 -31.10 -48.05 212.56 
1142 -31.10 -48.05 212.56 
1143 -31.10 -48.05 212.56 
1144 -31.10 -48.05 212.56 
1145 -31.10 -48.05 212.57 
1146 -31.10 -48.05 212.57 
1147 -31.10 -48.05 212.58 
1148 -31.10 -48.05 212.58 
1149 -31.10 -48.05 212.58 
1150 -31.10 -48.05 212.57 
1151 -31.10 -48.05 212.56 
1152 -31.10 -48.05 212.55 
1153 -31.10 -48.05 212.53 
1154 -31.10 -48.05 212.51 
1155 -31.10 -48.05 212.50 
1156 -31.11 -48.05 212.49 
1157 -31.11 -48.05 212.49 
1158 -31.11 -48.06 212.50 
1159 -31.11 -48.06 212.50 
1160 -31.11 -48.06 212.50 
1161 -31.11 -48.06 212.49 
1162 -31.11 -48.07 212.47 
1163 -31.11 -48.07 212.46 
1164 -31.11 -48.07 212.46 
1165 -31.11 -48.07 212.46 
1166 -31.11 -48.07 212.45 
1167 -31.11 -48.07 212.45 
1168 -31.11 -48.08 212.45 
1169 -31.12 -48.08 212.45 
1170 -31.12 -48.08 212.45 
1171 -31.12 -48.09 212.45 
1172 -31.12 -48.09 212.46 
1173 -31.13 -48.09 212.47 
1174 -31.13 -48.10 212.48 
1175 -31.13 -48.11 212.48 
1176 -31.14 -48.11 212.50 
1177 -31.14 -48.12 212.52 
1178 -31.15 -48.13 212.55 
1179 -31.16 -48.14 212.60 
1180 -31.16 -48.15 212.65 
1181 -31.17 -48.16 212.72 
1182 -31.18 -48.18 212.80 
1183 -31.19 -48.19 212.89 
1184 -31.20 -48.21 213.00 
1185 -31.21 -48.23 213.12 
1186 -31.23 -48.25 213.25 
1187 -31.24 -48.27 213.40 
1188 -31.26 -48.29 213.57 
1189 -31.27 -48.31 213.75 
1190 -31.29 -48.34 213.94 
1191 -31.31 -48.36 214.14 
1192 -31.32 -48.39 214.36 
1193 -31.34 -48.41 214.59 
1194 -31.36 -48.44 214.86 
1195 -31.38 -48.47 215.13 
1196 -31.40 -48.50 215.42 
1197 -31.42 -48.53 215.75 
1198 -31.45 -48.56 216.10 
1199 -31.47 -48.59 216.45 
1200 -31.50 -48.62 216.82 
1201 -31.52 -48.65 217.17 
1202 -31.54 -48.68 217.53 
1203 -31.57 -48.71 217.86 
1204 -31.59 -48.74 218.16 
1205 -31.61 -48.76 218.46 
1206 -31.63 -48.79 218.76 
1207 -31.65 -48.81 219.07 
1208 -31.67 -48.84 219.38 
1209 -31.69 -48.86 219.73 
1210 -31.71 -48.89 220.10 
1211 -31.73 -48.91 220.48 
1212 -31.75 -48.94 220.87 
1213 -31.78 -48.97 221.27 
1214 -31.80 -49.00 221.69 
1215 -31.83 -49.03 222.12 
1216 -31.85 -49.05 222.54 
1217 -31.88 -49.08 222.98 
1218 -31.91 -49.11 223.44 
1219 -31.94 -49.14 223.90 
1220 -31.97 -49.17 224.36 
1221 -32.00 -49.21 224.83 
1222 -32.03 -49.24 225.31 
1223 -32.06 -49.27 225.78 
1224 -32.09 -49.30 226.25 
1225 -32.12 -49.33 226.73 
1226 -32.15 -49.36 227.21 
1227 -32.19 -49.39 227.68 
1228 -32.22 -49.42 228.17 
1229 -32.25 -49.45 228.67 
1230 -32.29 -49.48 229.16 
1231 -32.32 -49.51 229.64 
1232 -32.36 -49.55 230.12 
1233 -32.39 -49.58 230.58 
1234 -32.43 -49.61 231.05 
1235 -32.47 -49.64 231.52 
1236 -32.50 -49.67 231.97 
1237 -32.54 -49.70 232.45 
1238 -32.58 -49.73 232.92 
1239 -32.62 -49.77 233.40 
1240 -32.67 -49.80 233.87 
1241 -32.71 -49.83 234.36 
1242 -32.76 -49.86 234.82 
1243 -32.80 -49.90 235.30 
1244 -32.85 -49.93 235.74 
1245 -32.90 -49.97 236.20 
1246 -32.96 -50.00 236.63 
1247 -33.02 -50.04 237.07 
1248 -33.08 -50.08 237.51 
1249 -33.15 -50.13 237.97 
1250 -33.22 -50.17 238.44 
1251 -33.29 -50.22 238.87 
1252 -33.36 -50.26 239.29 
1253 -33.43 -50.30 239.67 
1254 -33.49 -50.34 239.99 
1255 -33.56 -50.38 240.25 
1256 -33.62 -50.42 240.46 
1257 -33.69 -50.46 240.65 
1258 -33.75 -50.50 240.80 
1259 -33.82 -50.54 240.90 
1260 -33.89 -50.58 240.95 
1261 -33.97 -50.62 240.95 
1262 -34.04 -50.66 240.93 
1263 -34.12 -50.71 240.89 
1264 -34.20 -50.75 240.82 
1265 -34.28 -50.80 240.72 
1266 -34.35 -50.84 240.57 
1267 -34.43 -50.89 240.37 
1268 -34.52 -50.94 240.11 
1269 -34.60 -50.99 239.81 
1270 -34.68 -51.04 239.46 
1271 -34.77 -51.09 239.07 
1272 -34.86 -51.15 238.64 
1273 -34.96 -51.21 238.16 
1274 -35.05 -51.27 237.63 
1275 -35.14 -51.33 237.06 
1276 -35.23 -51.38 236.45 
1277 -35.32 -51.44 235.83 
1278 -35.40 -51.50 235.19 
1279 -35.48 -51.56 234.54 
1280 -35.56 -51.62 233.86 
1281 -35.63 -51.67 233.14 
1282 -35.71 -51.73 232.39 
1283 -35.78 -51.78 231.63 
1284 -35.84 -51.83 230.84 
1285 -35.91 -51.89 230.06 
1286 -35.97 -51.94 229.27 
1287 -36.04 -52.00 228.48 
1288 -36.10 -52.05 227.68 
1289 -36.16 -52.10 226.85 
1290 -36.21 -52.15 226.04 
1291 -36.26 -52.20 225.24 
1292 -36.32 -52.25 224.49 
1293 -36.36 -52.30 223.77 
1294 -36.41 -52.35 223.07 
1295 -36.46 -52.39 222.41 
1296 -36.50 -52.44 221.76 
1297 -36.54 -52.48 221.13 
1298 -36.58 -52.52 220.51 
1299 -36.62 -52.57 219.90 
1300 -36.66 -52.61 219.28 
1301 -36.70 -52.65 218.64 
1302 -36.74 -52.70 218.01 
1303 -36.78 -52.75 217.33 
1304 -36.82 -52.80 216.66 
1305 -36.86 -52.86 215.94 
1306 -36.91 -52.92 215.20 
1307 -36.95 -52.98 214.45 
1308 -36.99 -53.04 213.66 
1309 -37.03 -53.10 212.89 
1310 -37.08 -53.16 212.09 
1311 -37.12 -53.23 211.29 
1312 -37.16 -53.30 210.49 
1313 -37.20 -53.36 209.67 
1314 -37.24 -53.43 208.85 
1315 -37.28 -53.50 208.03 
1316 -37.31 -53.57 207.23 
1317 -37.35 -53.63 206.45 
1318 -37.38 -53.70 205.69 
1319 -37.41 -53.76 204.96 
1320 -37.44 -53.82 204.26 
1321 -37.46 -53.89 203.57 
1322 -37.49 -53.94 202.92 
1323 -37.51 -54.00 202.29 
1324 -37.53 -54.05 201.71 
1325 -37.55 -54.10 201.16 
1326 -37.57 -54.14 200.65 
1327 -37.59 -54.19 200.14 
1328 -37.60 -54.23 199.66 
1329 -37.62 -54.28 199.15 
1330 -37.64 -54.32 198.66 
1331 -37.65 -54.37 198.10 
1332 -37.67 -54.42 197.54 
1333 -37.69 -54.47 196.97 
1334 -37.70 -54.52 196.40 
1335 -37.72 -54.57 195.83 
1336 -37.73 -54.62 195.27 
1337 -37.74 -54.67 194.70 
1338 -37.76 -54.72 194.14 
1339 -37.77 -54.77 193.55 
1340 -37.78 -54.83 192.98 
1341 -37.80 -54.88 192.41 
1342 -37.81 -54.93 191.81 
1343 -37.82 -54.98 191.25 
1344 -37.83 -55.04 190.66 
1345 -37.84 -55.09 190.09 
1346 -37.85 -55.14 189.50 
1347 -37.86 -55.20 188.91 
1348 -37.87 -55.26 188.30 
1349 -37.88 -55.31 187.68 
1350 -37.89 -55.37 187.04 
1351 -37.90 -55.44 186.37 
1352 -37.91 -55.50 185.70 
1353 -37.91 -55.57 184.96 
1354 -37.92 -55.64 184.25 
1355 -37.92 -55.71 183.47 
1356 -37.93 -55.78 182.72 
1357 -37.93 -55.85 181.96 
1358 -37.93 -55.92 181.18 
1359 -37.93 -56.00 180.42 
1360 -37.93 -56.07 179.64 
1361 -37.93 -56.14 178.85 
1362 -37.93 -56.22 178.05 
1363 -37.93 -56.29 177.26 
1364 -37.93 -56.37 176.45 
1365 -37.93 -56.44 175.63 
1366 -37.92 -56.52 174.84 
1367 -37.91 -56.59 174.03 
1368 -37.90 -56.67 173.23 
1369 -37.89 -56.74 172.43 
1370 -37.88 -56.82 171.62 
1371 -37.87 -56.89 170.81 
1372 -37.86 -56.97 170.01 
1373 -37.85 -57.04 169.20 
1374 -37.84 -57.12 168.39 
1375 -37.82 -57.19 167.60 
1376 -37.81 -57.26 166.79 
1377 -37.79 -57.34 165.99 
1378 -37.77 -57.41 165.21 
1379 -37.75 -57.48 164.42 
1380 -37.74 -57.55 163.65 
1381 -37.72 -57.62 162.88 
1382 -37.69 -57.69 162.13 
1383 -37.67 -57.75 161.38 
1384 -37.65 -57.82 160.65 
1385 -37.63 -57.88 159.95 
1386 -37.61 -57.94 159.26 
1387 -37.59 -58.00 158.62 
1388 -37.56 -58.06 157.98 
1389 -37.54 -58.11 157.37 
1390 -37.52 -58.16 156.77 
1391 -37.50 -58.21 156.19 
1392 -37.48 -58.26 155.60 
1393 -37.46 -58.31 155.04 
1394 -37.44 -58.36 154.46 
1395 -37.41 -58.41 153.88 
1396 -37.39 -58.46 153.29 
1397 -37.37 -58.51 152.70 
1398 -37.34 -58.56 152.10 
1399 -37.31 -58.61 151.51 
1400 -37.29 -58.66 150.89 
1401 -37.26 -58.71 150.30 
1402 -37.23 -58.76 149.67 
1403 -37.20 -58.81 149.04 
1404 -37.17 -58.87 148.40 
1405 -37.14 -58.92 147.73 
1406 -37.10 -58.97 147.09 
1407 -37.07 -59.02 146.42 
1408 -37.04 -59.07 145.77 
1409 -37.00 -59.12 145.12 
1410 -36.96 -59.17 144.49 
1411 -36.93 -59.22 143.85 
1412 -36.89 -59.26 143.23 
1413 -36.85 -59.31 142.59 
1414 -36.82 -59.36 141.98 
1415 -36.78 -59.40 141.36 
1416 -36.74 -59.45 140.74 
1417 -36.71 -59.49 140.11 
1418 -36.67 -59.54 139.48 
1419 -36.63 -59.58 138.87 
1420 -36.59 -59.63 138.21 
1421 -36.55 -59.67 137.59 
1422 -36.51 -59.72 136.93 
1423 -36.47 -59.76 136.30 
1424 -36.43 -59.81 135.65 
1425 -36.39 -59.85 135.01 
1426 -36.35 -59.89 134.36 
1427 -36.30 -59.94 133.71 
1428 -36.26 -59.98 133.06 
1429 -36.22 -60.02 132.42 
1430 -36.17 -60.06 131.78 
1431 -36.13 -60.10 131.13 
1432 -36.08 -60.14 130.50 
1433 -36.04 -60.18 129.86 
1434 -35.99 -60.22 129.24 
1435 -35.94 -60.26 128.59 
1436 -35.90 -60.30 127.97 
1437 -35.85 -60.33 127.33 
1438 -35.80 -60.37 126.69 
1439 -35.75 -60.41 126.06 
1440 -35.70 -60.44 125.41 
1441 -35.65 -60.48 124.79 
1442 -35.61 -60.51 124.14 
1443 -35.56 -60.54 123.52 
1444 -35.51 -60.58 122.87 
1445 -35.46 -60.61 122.23 
1446 -35.41 -60.64 121.59 
1447 -35.35 -60.67 120.95 
1448 -35.30 -60.70 120.32 
1449 -35.25 -60.73 119.67 
1450 -35.20 -60.76 119.04 
1451 -35.14 -60.79 118.38 
1452 -35.09 -60.82 117.73 
1453 -35.04 -60.85 117.05 
1454 -34.98 -60.88 116.36 
1455 -34.92 -60.91 115.66 
1456 -34.86 -60.94 114.93 
1457 -34.79 -60.97 114.18 
1458 -34.73 -61.00 113.40 
1459 -34.66 -61.03 112.59 
1460 -34.59 -61.06 111.77 
1461 -34.51 -61.09 110.92 
1462 -34.44 -61.11 110.06 
1463 -34.36 -61.14 109.19 
1464 -34.28 -61.17 108.32 
1465 -34.21 -61.20 107.45 
1466 -34.13 -61.22 106.58 
1467 -34.04 -61.25 105.69 
1468 -33.96 -61.27 104.80 
1469 -33.88 -61.29 103.89 
1470 -33.79 -61.32 102.97 
1471 -33.71 -61.34 102.04 
1472 -33.62 -61.36 101.09 
1473 -33.53 -61.37 100.14 
1474 -33.44 -61.39 99.17 
1475 -33.35 -61.41 98.17 
1476 -33.25 -61.42 97.16 
1477 -33.15 -61.43 96.13 
1478 -33.06 -61.44 95.09 
1479 -32.95 -61.45 94.02 
1480 -32.85 -61.46 92.95 
1481 -32.75 -61.47 91.86 
1482 -32.64 -61.47 90.76 
1483 -32.54 -61.47 89.64 
1484 -32.43 -61.47 88.52 
1485 -32.32 -61.47 87.39 
1486 -32.21 -61.47 86.26 
1487 -32.10 -61.46 85.11 
1488 -31.99 -61.45 83.97 
1489 -31.88 -61.44 82.83 
1490 -31.77 -61.43 81.66 
1491 -31.66 -61.41 80.50 
1492 -31.55 -61.40 79.32 
1493 -31.44 -61.38 78.14 
1494 -31.32 -61.36 76.95 
1495 -31.21 -61.33 75.75 
1496 -31.10 -61.31 74.55 
1497 -30.99 -61.28 73.36 
1498 -30.88 -61.25 72.15 
1499 -30.77 -61.21 70.95 
1500 -30.66 -61.18 69.75 
1501 -30.55 -61.14 68.56 
1502 -30.45 -61.10 67.38 
1503 -30.34 -61.06 66.20 
1504 -30.24 -61.01 65.02 
1505 -30.13 -60.97 63.83 
1506 -30.03 -60.92 62.66 
1507 -29.93 -60.87 61.49 
1508 -29.84 -60.82 60.32 
1509 -29.74 -60.77 59.16 
1510 -29.65 -60.72 58.00 
1511 -29.55 -60.66 56.87 
1512 -29.46 -60.61 55.72 
1513 -29.37 -60.55 54.59 
1514 -29.29 -60.49 53.45 
1515 -29.20 -60.43 52.33 
1516 -29.12 -60.36 51.22 
1517 -29.04 -60.30 50.10 
1518 -28.96 -60.24 49.01 
1519 -28.88 -60.17 47.94 
1520 -28.80 -60.10 46.87 
1521 -28.73 -60.03 45.81 
1522 -28.66 -59.97 44.76 
1523 -28.59 -59.90 43.72 
1524 -28.52 -59.83 42.67 
1525 -28.45 -59.76 41.64 
1526 -28.38 -59.68 40.61 
1527 -28.32 -59.61 39.60 
1528 -28.26 -59.54 38.63 
1529 -28.20 -59.47 37.65 
1530 -28.15 -59.40 36.72 
1531 -28.09 -59.33 35.78 
1532 -28.04 -59.26 34.88 
1533 -27.99 -59.19 34.00 
1534 -27.95 -59.12 33.13 
1535 -27.90 -59.06 32.29 
1536 -27.86 -58.99 31.45 
1537 -27.82 -58.93 30.65 
1538 -27.78 -58.86 29.84 
1539 -27.74 -58.80 29.06 
1540 -27.70 -58.73 28.29 
1541 -27.67 -58.67 27.52 
1542 -27.63 -58.60 26.76 
1543 -27.60 -58.54 26.01 
1544 -27.57 -58.48 25.25 
1545 -27.54 -58.42 24.52 
1546 -27.51 -58.35 23.78 
1547 -27.48 -58.29 23.06 
1548 -27.46 -58.23 22.35 
1549 -27.43 -58.17 21.62 
1550 -27.40 -58.10 20.91 
1551 -27.38 -58.04 20.20 
1552 -27.35 -57.98 19.48 
1553 -27.33 -57.92 18.78 
1554 -27.31 -57.85 18.06 
1555 -27.29 -57.79 17.37 
1556 -27.27 -57.73 16.65 
1557 -27.25 -57.66 15.94 
1558 -27.23 -57.60 15.21 
1559 -27.21 -57.53 14.45 
1560 -27.19 -57.45 13.66 
1561 -27.17 -57.37 12.83 
1562 -27.15 -57.29 11.95 
1563 -27.13 -57.21 11.05 
1564 -27.12 -57.12 10.14 
1565 -27.10 -57.03 9.20 
1566 -27.09 -56.94 8.26 
1567 -27.07 -56.85 7.30 
1568 -27.06 -56.76 6.33 
1569 -27.05 -56.67 5.36 
1570 -27.04 -56.58 4.38 
1571 -27.04 -56.48 3.40 
1572 -27.03 -56.39 2.42 
1573 -27.03 -56.30 1.45 
1574 -27.02 -56.21 0.48 
1575 -27.02 -56.12 359.52 
1576 -27.02 -56.03 358.58 
1577 -27.02 -55.94 357.64 
1578 -27.02 -55.86 356.73 
1579 -27.03 -55.77 355.83 
1580 -27.03 -55.69 354.94 
1581 -27.04 -55.60 354.06 
1582 -27.05 -55.52 353.21 
1583 -27.06 -55.44 352.38 
1584 -27.07 -55.36 351.58 
1585 -27.08 -55.28 350.80 
1586 -27.09 -55.20 350.06 
1587 -27.11 -55.12 349.33 
1588 -27.12 -55.04 348.63 
1589 -27.14 -54.96 347.95 
1590 -27.15 -54.88 347.28 
1591 -27.17 -54.80 346.63 
1592 -27.19 -54.73 345.98 
1593 -27.21 -54.65 345.34 
1594 -27.23 -54.57 344.72 
1595 -27.25 -54.49 344.13 
1596 -27.27 -54.42 343.60 
1597 -27.29 -54.34 343.12 
1598 -27.31 -54.27 342.70 
1599 -27.33 -54.20 342.32 
1600 -27.35 -54.13 342.00 
1601 -27.37 -54.07 341.70 
1602 -27.39 -54.00 341.46 
1603 -27.41 -53.93 341.23 
1604 -27.44 -53.87 341.04 
1605 -27.46 -53.80 340.85 
1606 -27.48 -53.73 340.69 
1607 -27.50 -53.66 340.55 
1608 -27.53 -53.60 340.45 
1609 -27.55 -53.53 340.37 
1610 -27.57 -53.46 340.33 
1611 -27.59 -53.39 340.32 
1612 -27.62 -53.32 340.34 
1613 -27.64 -53.26 340.37 
1614 -27.67 -53.19 340.43 
1615 -27.69 -53.12 340.48 
1616 -27.71 -53.05 340.55 
1617 -27.74 -52.98 340.62 
1618 -27.76 -52.92 340.71 
1619 -27.79 -52.85 340.78 
1620 -27.81 -52.78 340.87 
1621 -27.84 -52.71 340.95 
1622 -27.86 -52.64 341.03 
1623 -27.89 -52.57 341.09 
1624 -27.91 -52.50 341.11 
1625 -27.93 -52.43 341.09 
1626 -27.96 -52.36 341.06 
1627 -27.98 -52.30 340.98 
1628 -28.01 -52.23 340.87 
1629 -28.03 -52.16 340.74 
1630 -28.06 -52.09 340.64 
1631 -28.08 -52.03 340.52 
1632 -28.11 -51.96 340.42 
1633 -28.13 -51.89 340.34 
1634 -28.15 -51.82 340.29 
1635 -28.18 -51.76 340.25 
1636 -28.20 -51.69 340.25 
1637 -28.23 -51.62 340.27 
1638 -28.25 -51.55 340.30 
1639 -28.28 -51.48 340.36 
1640 -28.30 -51.42 340.44 
1641 -28.33 -51.35 340.52 
1642 -28.35 -51.28 340.63 
1643 -28.37 -51.21 340.73 
1644 -28.40 -51.14 340.86 
1645 -28.42 -51.07 340.99 
1646 -28.44 -51.00 341.15 
1647 -28.47 -50.93 341.33 
1648 -28.49 -50.86 341.56 
1649 -28.51 -50.79 341.81 
1650 -28.54 -50.72 342.09 
1651 -28.56 -50.65 342.39 
1652 -28.58 -50.58 342.71 
1653 -28.60 -50.52 343.01 
1654 -28.62 -50.46 343.33 
1655 -28.64 -50.40 343.62 
1656 -28.65 -50.35 343.92 
1657 -28.66 -50.31 344.18 
1658 -28.68 -50.26 344.46 
1659 -28.69 -50.21 344.78 
1660 -28.70 -50.16 345.07 
1661 -28.72 -50.12 345.38 
1662 -28.73 -50.07 345.76 
1663 -28.74 -50.02 346.14 
1664 -28.75 -49.97 346.53 
1665 -28.77 -49.92 346.98 
1666 -28.78 -49.87 347.42 
1667 -28.79 -49.82 347.88 
1668 -28.80 -49.77 348.39 
1669 -28.81 -49.72 348.85 
1670 -28.82 -49.67 349.32 
1671 -28.83 -49.63 349.82 
1672 -28.84 -49.58 350.29 
1673 -28.85 -49.53 350.75 
1674 -28.86 -49.49 351.24 
1675 -28.87 -49.44 351.70 
1676 -28.87 -49.40 352.14 
1677 -28.88 -49.36 352.61 
1678 -28.89 -49.31 353.05 
1679 -28.89 -49.27 353.48 
1680 -28.90 -49.23 353.91 
1681 -28.91 -49.19 354.34 
1682 -28.91 -49.14 354.77 
1683 -28.92 -49.10 355.19 
1684 -28.92 -49.05 355.63 
1685 -28.93 -49.00 356.07 
1686 -28.93 -48.95 356.51 
1687 -28.93 -48.89 356.99 
1688 -28.94 -48.83 357.45 
1689 -28.94 -48.77 357.95 
1690 -28.94 -48.72 358.47 
1691 -28.94 -48.66 359.01 
1692 -28.94 -48.60 359.56 
1693 -28.94 -48.55 0.14 
1694 -28.94 -48.49 0.68 
1695 -28.94 -48.43 1.29 
1696 -28.94 -48.38 1.86 
1697 -28.94 -48.32 2.44 
1698 -28.93 -48.27 3.03 
1699 -28.93 -48.21 3.60 
1700 -28.93 -48.16 4.16 
1701 -28.92 -48.11 4.76 
1702 -28.92 -48.06 5.29 
1703 -28.91 -48.01 5.87 
1704 -28.91 -47.96 6.40 
1705 -28.90 -47.91 6.96 
1706 -28.89 -47.86 7.50 
1707 -28.89 -47.81 8.06 
1708 -28.88 -47.76 8.58 
1709 -28.87 -47.71 9.16 
1710 -28.86 -47.66 9.70 
1711 -28.86 -47.61 10.25 
1712 -28.85 -47.56 10.77 
1713 -28.84 -47.51 11.29 
1714 -28.83 -47.46 11.77 
1715 -28.82 -47.41 12.26 
1716 -28.81 -47.36 12.71 
1717 -28.80 -47.31 13.18 
1718 -28.78 -47.26 13.64 
1719 -28.77 -47.21 14.08 
1720 -28.76 -47.16 14.53 
1721 -28.75 -47.11 14.96 
1722 -28.74 -47.06 15.42 
1723 -28.72 -47.01 15.86 
1724 -28.71 -46.96 16.31 
1725 -28.69 -46.91 16.75 
1726 -28.68 -46.86 17.20 
1727 -28.67 -46.82 17.63 
1728 -28.65 -46.77 18.05 
1729 -28.64 -46.72 18.45 
1730 -28.62 -46.67 18.84 
1731 -28.61 -46.62 19.23 
1732 -28.59 -46.58 19.60 
1733 -28.57 -46.53 20.01 
1734 -28.56 -46.48 20.39 
1735 -28.54 -46.44 20.78 
1736 -28.52 -46.39 21.15 
1737 -28.51 -46.34 21.49 
1738 -28.49 -46.30 21.80 
1739 -28.47 -46.25 22.08 
1740 -28.45 -46.20 22.33 
1741 -28.43 -46.16 22.56 
1742 -28.41 -46.11 22.79 
1743 -28.39 -46.06 23.01 
1744 -28.37 -46.01 23.23 
1745 -28.35 -45.96 23.46 
1746 -28.33 -45.91 23.69 
1747 -28.31 -45.86 23.92 
1748 -28.29 -45.81 24.16 
1749 -28.27 -45.76 24.39 
1750 -28.24 -45.71 24.65 
1751 -28.22 -45.66 24.90 
1752 -28.20 -45.61 25.16 
1753 -28.18 -45.57 25.40 
1754 -28.16 -45.53 25.63 
1755 -28.14 -45.49 25.85 
1756 -28.13 -45.46 26.03 
1757 -28.11 -45.43 26.19 
1758 -28.10 -45.40 26.36 
1759 -28.08 -45.37 26.53 
1760 -28.07 -45.34 26.68 
1761 -28.06 -45.32 26.87 
1762 -28.04 -45.29 27.07 
1763 -28.03 -45.26 27.26 
1764 -28.02 -45.23 27.43 
1765 -28.00 -45.21 27.59 
1766 -27.99 -45.18 27.73 
1767 -27.97 -45.15 27.85 
1768 -27.96 -45.12 27.96 
1769 -27.94 -45.10 28.07 
1770 -27.93 -45.07 28.17 
1771 -27.92 -45.04 28.27 
1772 -27.90 -45.02 28.36 
1773 -27.89 -45.00 28.43 
1774 -27.88 -44.97 28.50 
1775 -27.87 -44.95 28.56 
1776 -27.85 -44.92 28.60 
1777 -27.84 -44.90 28.63 
1778 -27.83 -44.88 28.63 
1779 -27.82 -44.85 28.63 
1780 -27.80 -44.83 28.64 
1781 -27.79 -44.80 28.64 
1782 -27.78 -44.78 28.65 
1783 -27.76 -44.75 28.65 
1784 -27.75 -44.72 28.64 
1785 -27.73 -44.70 28.61 
1786 -27.71 -44.67 28.57 
1787 -27.70 -44.64 28.52 
1788 -27.68 -44.61 28.46 
1789 -27.66 -44.57 28.40 
1790 -27.65 -44.54 28.33 
1791 -27.63 -44.51 28.25 
1792 -27.61 -44.47 28.16 
1793 -27.59 -44.44 28.06 
1794 -27.57 -44.40 27.95 
1795 -27.55 -44.37 27.83 
1796 -27.53 -44.33 27.70 
1797 -27.51 -44.29 27.52 
1798 -27.49 -44.26 27.33 
1799 -27.48 -44.22 27.14 
1800 -27.46 -44.18 26.93 
1801 -27.43 -44.14 26.73 
1802 -27.41 -44.11 26.55 
1803 -27.39 -44.07 26.37 
1804 -27.37 -44.03 26.20 
1805 -27.35 -43.99 26.04 
1806 -27.33 -43.94 25.90 
1807 -27.31 -43.90 25.78 
1808 -27.28 -43.86 25.68 
1809 -27.26 -43.81 25.59 
1810 -27.24 -43.77 25.55 
1811 -27.22 -43.72 25.51 
1812 -27.19 -43.68 25.50 
1813 -27.17 -43.63 25.52 
1814 -27.15 -43.59 25.54 
1815 -27.13 -43.55 25.59 
1816 -27.11 -43.50 25.65 
1817 -27.08 -43.46 25.74 
1818 -27.06 -43.42 25.84 
1819 -27.04 -43.37 25.97 
1820 -27.02 -43.33 26.12 
1821 -27.00 -43.29 26.27 
1822 -26.98 -43.25 26.44 
1823 -26.95 -43.20 26.61 
1824 -26.93 -43.16 26.76 
1825 -26.91 -43.11 26.89 
1826 -26.89 -43.07 26.99 
1827 -26.86 -43.02 27.05 
1828 -26.84 -42.97 27.11 
1829 -26.81 -42.92 27.16 
1830 -26.79 -42.88 27.22 
1831 -26.76 -42.83 27.28 
1832 -26.74 -42.78 27.34 
1833 -26.71 -42.73 27.41 
1834 -26.69 -42.68 27.48 
1835 -26.67 -42.64 27.54 
1836 -26.64 -42.59 27.61 
1837 -26.62 -42.54 27.65 
1838 -26.59 -42.49 27.70 
1839 -26.57 -42.44 27.72 
1840 -26.54 -42.39 27.75 
1841 -26.52 -42.35 27.76 
1842 -26.49 -42.30 27.76 
1843 -26.47 -42.25 27.75 
1844 -26.44 -42.20 27.73 
1845 -26.42 -42.14 27.70 
1846 -26.39 -42.09 27.66 
1847 -26.36 -42.04 27.62 
1848 -26.33 -41.99 27.58 
1849 -26.31 -41.93 27.53 
1850 -26.28 -41.88 27.49 
1851 -26.25 -41.82 27.44 
1852 -26.22 -41.77 27.39 
1853 -26.19 -41.71 27.34 
1854 -26.16 -41.66 27.29 
1855 -26.13 -41.60 27.25 
1856 -26.10 -41.54 27.20 
1857 -26.07 -41.49 27.15 
1858 -26.05 -41.43 27.11 
1859 -26.02 -41.38 27.09 
1860 -25.99 -41.33 27.10 
1861 -25.97 -41.28 27.14 
1862 -25.94 -41.24 27.19 
1863 -25.92 -41.19 27.27 
1864 -25.90 -41.15 27.39 
1865 -25.87 -41.10 27.51 
1866 -25.85 -41.06 27.68 
1867 -25.83 -41.02 27.84 
1868 -25.80 -40.97 28.00 
1869 -25.78 -40.93 28.18 
1870 -25.76 -40.88 28.34 
1871 -25.73 -40.84 28.49 
1872 -25.71 -40.79 28.63 
1873 -25.69 -40.75 28.75 
1874 -25.66 -40.70 28.87 
1875 -25.64 -40.66 28.99 
1876 -25.61 -40.61 29.11 
1877 -25.59 -40.56 29.23 
1878 -25.56 -40.52 29.36 
1879 -25.54 -40.47 29.48 
1880 -25.51 -40.42 29.59 
1881 -25.49 -40.38 29.71 
1882 -25.46 -40.33 29.81 
1883 -25.43 -40.28 29.93 
1884 -25.41 -40.24 30.04 
1885 -25.38 -40.19 30.15 
1886 -25.35 -40.14 30.26 
1887 -25.33 -40.10 30.37 
1888 -25.30 -40.05 30.50 
1889 -25.27 -40.00 30.61 
1890 -25.24 -39.96 30.73 
1891 -25.22 -39.91 30.85 
1892 -25.19 -39.86 30.97 
1893 -25.16 -39.81 31.09 
1894 -25.13 -39.76 31.21 
1895 -25.10 -39.71 31.33 
1896 -25.07 -39.66 31.46 
1897 -25.03 -39.61 31.58 
1898 -25.00 -39.56 31.71 
1899 -24.97 -39.50 31.85 
1900 -24.93 -39.45 31.99 
1901 -24.90 -39.39 32.14 
1902 -24.86 -39.33 32.28 
1903 -24.83 -39.27 32.42 
1904 -24.79 -39.21 32.53 
1905 -24.75 -39.15 32.64 
1906 -24.71 -39.09 32.72 
1907 -24.67 -39.03 32.80 
1908 -24.63 -38.97 32.88 
1909 -24.59 -38.90 32.95 
1910 -24.55 -38.84 33.03 
1911 -24.51 -38.78 33.10 
1912 -24.47 -38.72 33.18 
1913 -24.43 -38.65 33.25 
1914 -24.39 -38.59 33.33 
1915 -24.35 -38.53 33.40 
1916 -24.31 -38.47 33.47 
1917 -24.27 -38.41 33.53 
1918 -24.23 -38.34 33.59 
1919 -24.19 -38.28 33.65 
1920 -24.14 -38.22 33.69 
1921 -24.10 -38.16 33.72 
1922 -24.06 -38.10 33.72 
1923 -24.02 -38.03 33.69 
1924 -23.98 -37.97 33.64 
1925 -23.94 -37.91 33.57 
1926 -23.90 -37.84 33.51 
1927 -23.86 -37.78 33.44 
1928 -23.82 -37.72 33.38 
1929 -23.78 -37.65 33.32 
1930 -23.73 -37.59 33.27 
1931 -23.69 -37.53 33.20 
1932 -23.65 -37.46 33.14 
1933 -23.61 -37.40 33.06 
1934 -23.57 -37.34 32.98 
1935 -23.53 -37.28 32.91 
1936 -23.49 -37.22 32.88 
1937 -23.45 -37.17 32.86 
1938 -23.42 -37.11 32.87 
1939 -23.38 -37.06 32.91 
1940 -23.35 -37.01 32.96 
1941 -23.32 -36.96 33.01 
1942 -23.28 -36.91 33.09 
1943 -23.25 -36.85 33.15 
1944 -23.21 -36.80 33.21 
1945 -23.17 -36.74 33.25 
1946 -23.14 -36.69 33.28 
1947 -23.10 -36.63 33.29 
1948 -23.06 -36.57 33.31 
1949 -23.02 -36.51 33.31 
1950 -22.98 -36.44 33.32 
1951 -22.94 -36.38 33.32 
1952 -22.90 -36.32 33.32 
1953 -22.86 -36.26 33.32 
1954 -22.81 -36.20 33.31 
1955 -22.77 -36.13 33.31 
1956 -22.73 -36.07 33.29 
1957 -22.69 -36.01 33.28 
1958 -22.65 -35.94 33.26 
1959 -22.61 -35.88 33.23 
1960 -22.57 -35.82 33.20 
1961 -22.52 -35.75 33.16 
1962 -22.48 -35.69 33.14 
1963 -22.44 -35.62 33.11 
1964 -22.40 -35.56 33.08 
1965 -22.36 -35.50 33.05 
1966 -22.32 -35.43 33.01 
1967 -22.28 -35.37 32.97 
1968 -22.24 -35.31 32.92 
1969 -22.19 -35.24 32.89 
1970 -22.15 -35.18 32.87 
1971 -22.11 -35.12 32.85 
1972 -22.07 -35.06 32.84 
1973 -22.03 -34.99 32.84 
1974 -21.99 -34.93 32.83 
1975 -21.95 -34.87 32.84 
1976 -21.91 -34.81 32.85 
1977 -21.87 -34.75 32.87 
1978 -21.83 -34.68 32.89 
1979 -21.79 -34.62 32.93 
1980 -21.75 -34.56 32.96 
1981 -21.71 -34.50 33.00 
1982 -21.67 -34.43 33.05 
1983 -21.63 -34.37 33.09 
1984 -21.59 -34.31 33.13 
1985 -21.55 -34.24 33.15 
1986 -21.51 -34.18 33.17 
1987 -21.47 -34.12 33.17 
1988 -21.42 -34.05 33.17 
1989 -21.38 -33.99 33.16 
1990 -21.34 -33.93 33.14 
1991 -21.30 -33.86 33.13 
1992 -21.26 -33.80 33.10 
1993 -21.22 -33.74 33.07 
1994 -21.18 -33.67 33.03 
1995 -21.14 -33.61 32.98 
1996 -21.10 -33.54 32.94 
1997 -21.05 -33.48 32.90 
1998 -21.01 -33.41 32.87 
1999 -20.97 -33.35 32.84 
2000 -20.93 -33.28 32.83 
2001 -20.89 -33.21 32.81 
2002 -20.84 -33.15 32.79 
2003 -20.80 -33.08 32.77 
2004 -20.76 -33.01 32.74 
2005 -20.72 -32.95 32.74 
2006 -20.67 -32.88 32.72 
2007 -20.63 -32.81 32.71 
2008 -20.58 -32.74 32.70 
2009 -20.54 -32.67 32.69 
2010 -20.49 -32.60 32.70 
2011 -20.45 -32.53 32.71 
2012 -20.40 -32.46 32.73 
2013 -20.35 -32.38 32.76 
2014 -20.31 -32.31 32.78 
2015 -20.26 -32.24 32.79 
2016 -20.21 -32.16 32.80 
2017 -20.16 -32.09 32.80 
2018 -20.11 -32.01 32.80 
2019 -20.06 -31.94 32.80 
2020 -20.01 -31.87 32.81 
2021 -19.96 -31.79 32.82 
2022 -19.91 -31.71 32.85 
2023 -19.87 -31.64 32.88 
2024 -19.82 -31.56 32.92 
2025 -19.77 -31.49 32.96 
2026 -19.72 -31.41 33.01 
2027 -19.67 -31.34 33.05 
2028 -19.63 -31.26 33.09 
2029 -19.58 -31.19 33.12 
2030 -19.53 -31.11 33.16 
2031 -19.47 -31.03 33.19 
2032 -19.42 -30.96 33.20 
2033 -19.37 -30.88 33.20 
2034 -19.33 -30.80 33.17 
2035 -19.27 -30.73 33.13 
2036 -19.22 -30.65 33.09 
2037 -19.17 -30.57 33.05 
2038 -19.12 -30.49 33.01 
2039 -19.07 -30.41 32.97 
2040 -19.02 -30.34 32.94 
2041 -18.97 -30.26 32.91 
2042 -18.92 -30.18 32.89 
2043 -18.87 -30.10 32.89 
2044 -18.82 -30.03 32.88 
2045 -18.77 -29.95 32.88 
2046 -18.72 -29.87 32.88 
2047 -18.67 -29.79 32.88 
2048 -18.62 -29.71 32.88 
2049 -18.57 -29.63 32.87 
2050 -18.51 -29.55 32.86 
2051 -18.46 -29.48 32.86 
2052 -18.41 -29.40 32.86 
2053 -18.36 -29.32 32.85 
2054 -18.31 -29.24 32.84 
2055 -18.26 -29.16 32.84 
2056 -18.21 -29.09 32.84 
2057 -18.16 -29.01 32.83 
2058 -18.10 -28.93 32.83 
2059 -18.05 -28.85 32.83 
2060 -18.00 -28.77 32.82 
2061 -17.95 -28.69 32.81 
2062 -17.90 -28.62 32.82 
2063 -17.85 -28.54 32.83 
2064 -17.80 -28.46 32.83 
2065 -17.74 -28.38 32.85 
2066 -17.69 -28.30 32.87 
2067 -17.64 -28.22 32.88 
2068 -17.59 -28.15 32.89 
2069 -17.54 -28.07 32.90 
2070 -17.49 -27.99 32.91 
2071 -17.44 -27.91 32.92 
2072 -17.39 -27.83 32.93 
2073 -17.34 -27.75 32.94 
2074 -17.29 -27.67 32.95 
2075 -17.23 -27.59 32.96 
2076 -17.18 -27.51 32.98 
2077 -17.13 -27.43 33.00 
2078 -17.08 -27.35 33.03 
2079 -17.03 -27.27 33.04 
2080 -16.97 -27.19 33.06 
2081 -16.92 -27.10 33.07 
2082 -16.87 -27.02 33.08 
2083 -16.82 -26.94 33.08 
2084 -16.76 -26.86 33.08 
2085 -16.71 -26.78 33.10 
2086 -16.66 -26.70 33.10 
2087 -16.61 -26.62 33.10 
2088 -16.56 -26.54 33.09 
2089 -16.51 -26.46 33.06 
2090 -16.46 -26.38 33.03 
2091 -16.40 -26.30 33.00 
2092 -16.35 -26.22 32.97 
2093 -16.30 -26.14 32.94 
2094 -16.25 -26.06 32.92 
2095 -16.20 -25.98 32.90 
2096 -16.15 -25.91 32.87 
2097 -16.09 -25.83 32.84 
2098 -16.04 -25.75 32.81 
2099 -15.99 -25.67 32.79 
2100 -15.94 -25.59 32.76 
2101 -15.89 -25.51 32.73 
2102 -15.84 -25.43 32.71 
2103 -15.78 -25.35 32.67 
2104 -15.73 -25.27 32.65 
2105 -15.68 -25.19 32.64 
2106 -15.63 -25.10 32.63 
2107 -15.58 -25.02 32.64 
2108 -15.52 -24.94 32.65 
2109 -15.47 -24.86 32.68 
2110 -15.42 -24.78 32.69 
2111 -15.37 -24.70 32.71 
2112 -15.32 -24.62 32.73 
2113 -15.27 -24.54 32.74 
2114 -15.21 -24.46 32.75 
2115 -15.16 -24.38 32.76 
2116 -15.11 -24.30 32.78 
2117 -15.06 -24.22 32.80 
2118 -15.01 -24.13 32.81 
2119 -14.95 -24.05 32.83 
2120 -14.90 -23.97 32.83 
2121 -14.85 -23.89 32.83 
2122 -14.80 -23.81 32.83 
2123 -14.75 -23.73 32.82 
2124 -14.69 -23.65 32.82 
2125 -14.64 -23.57 32.83 
2126 -14.59 -23.49 32.85 
2127 -14.54 -23.41 32.86 
2128 -14.48 -23.33 32.87 
2129 -14.43 -23.25 32.88 
2130 -14.38 -23.17 32.89 
2131 -14.33 -23.09 32.89 
2132 -14.27 -23.01 32.89 
2133 -14.22 -22.93 32.90 
2134 -14.17 -22.84 32.92 
2135 -14.12 -22.76 32.92 
2136 -14.07 -22.68 32.93 
2137 -14.01 -22.60 32.93 
2138 -13.96 -22.52 32.92 
2139 -13.91 -22.44 32.92 
2140 -13.85 -22.36 32.92 
2141 -13.80 -22.27 32.93 
2142 -13.75 -22.19 32.94 
2143 -13.70 -22.11 32.96 
2144 -13.64 -22.03 32.97 
2145 -13.59 -21.95 32.98 
2146 -13.54 -21.86 32.99 
2147 -13.48 -21.78 32.99 
2148 -13.43 -21.70 33.00 
2149 -13.38 -21.62 33.00 
2150 -13.33 -21.54 33.01 
2151 -13.27 -21.45 33.01 
2152 -13.22 -21.37 33.01 
2153 -13.17 -21.29 33.01 
2154 -13.11 -21.21 33.00 
2155 -13.06 -21.13 32.99 
2156 -13.00 -21.04 32.99 
2157 -12.95 -20.96 32.99 
2158 -12.90 -20.88 33.00 
2159 -12.85 -20.80 33.01 
2160 -12.79 -20.72 33.01 
2161 -12.74 -20.63 33.02 
2162 -12.69 -20.55 33.03 
2163 -12.63 -20.47 33.03 
2164 -12.58 -20.39 33.03 
2165 -12.52 -20.31 33.02 
2166 -12.47 -20.22 33.02 
2167 -12.42 -20.14 33.01 
2168 -12.36 -20.06 33.00 
2169 -12.31 -19.98 32.98 
2170 -12.25 -19.89 32.95 
2171 -12.20 -19.81 32.93 
2172 -12.15 -19.73 32.90 
2173 -12.09 -19.65 32.88 
2174 -12.04 -19.57 32.85 
2175 -11.99 -19.49 32.84 
2176 -11.94 -19.41 32.85 
2177 -11.88 -19.33 32.86 
2178 -11.83 -19.25 32.87 
2179 -11.78 -19.17 32.90 
2180 -11.73 -19.09 32.92 
2181 -11.68 -19.01 32.93 
2182 -11.63 -18.93 32.94 
2183 -11.57 -18.85 32.95 
2184 -11.52 -18.77 32.96 
2185 -11.47 -18.69 32.96 
2186 -11.42 -18.61 32.97 
2187 -11.37 -18.53 32.99 
2188 -11.32 -18.45 33.00 
2189 -11.27 -18.37 33.01 
2190 -11.22 -18.29 33.02 
2191 -11.17 -18.21 33.02 
2192 -11.12 -18.13 33.02 
2193 -11.07 -18.05 33.01 
2194 -11.01 -17.97 33.00 
2195 -10.96 -17.89 32.98 
2196 -10.91 -17.81 32.97 
2197 -10.86 -17.73 32.95 
2198 -10.81 -17.66 32.94 
2199 -10.76 -17.58 32.92 
2200 -10.71 -17.50 32.91 
2201 -10.66 -17.42 32.89 
2202 -10.61 -17.34 32.88 
2203 -10.56 -17.26 32.85 
2204 -10.51 -17.19 32.83 
2205 -10.46 -17.11 32.80 
2206 -10.41 -17.03 32.77 
2207 -10.36 -16.95 32.75 
2208 -10.31 -16.87 32.72 
2209 -10.26 -16.79 32.70 
2210 -10.21 -16.72 32.69 
2211 -10.16 -16.64 32.69 
2212 -10.11 -16.56 32.69 
2213 -10.06 -16.48 32.70 
2214 -10.00 -16.40 32.70 
2215 -9.95 -16.32 32.71 
2216 -9.90 -16.24 32.71 
2217 -9.85 -16.17 32.71 
2218 -9.80 -16.09 32.72 
2219 -9.75 -16.01 32.72 
2220 -9.70 -15.93 32.73 
2221 -9.65 -15.85 32.74 
2222 -9.60 -15.77 32.76 
2223 -9.55 -15.69 32.77 
2224 -9.49 -15.61 32.78 
2225 -9.44 -15.54 32.79 
2226 -9.39 -15.46 32.80 
2227 -9.34 -15.38 32.81 
2228 -9.29 -15.30 32.83 
2229 -9.24 -15.22 32.84 
2230 -9.19 -15.14 32.86 
2231 -9.14 -15.07 32.87 
2232 -9.09 -14.99 32.89 
2233 -9.04 -14.91 32.91 
2234 -8.99 -14.83 32.93 
2235 -8.94 -14.75 32.96 
2236 -8.88 -14.67 32.98 
2237 -8.83 -14.59 33.00 
2238 -8.78 -14.51 33.01 
2239 -8.73 -14.44 33.03 
2240 -8.68 -14.36 33.04 
2241 -8.63 -14.28 33.05 
2242 -8.58 -14.20 33.05 
2243 -8.53 -14.12 33.06 
2244 -8.48 -14.04 33.07 
2245 -8.43 -13.96 33.07 
2246 -8.38 -13.89 33.08 
2247 -8.33 -13.81 33.08 
2248 -8.28 -13.73 33.07 
2249 -8.23 -13.65 33.06 
2250 -8.17 -13.57 33.04 
2251 -8.12 -13.50 33.03 
2252 -8.07 -13.42 33.01 
2253 -8.02 -13.34 33.00 
2254 -7.97 -13.26 32.99 
2255 -7.92 -13.18 32.98 
2256 -7.87 -13.10 32.96 
2257 -7.82 -13.02 32.94 
2258 -7.77 -12.95 32.93 
2259 -7.72 -12.87 32.92 
2260 -7.67 -12.79 32.91 
2261 -7.62 -12.71 32.91 
2262 -7.57 -12.63 32.91 
2263 -7.52 -12.55 32.92 
2264 -7.46 -12.47 32.92 
2265 -7.41 -12.39 32.93 
2266 -7.36 -12.32 32.96 
2267 -7.31 -12.24 32.98 
2268 -7.26 -12.16 33.00 
2269 -7.21 -12.08 33.03 
2270 -7.15 -12.00 33.06 
2271 -7.10 -11.92 33.09 
2272 -7.05 -11.84 33.11 
2273 -7.00 -11.76 33.13 
2274 -6.95 -11.69 33.15 
2275 -6.90 -11.61 33.16 
2276 -6.85 -11.53 33.16 
2277 -6.80 -11.45 33.16 
2278 -6.75 -11.37 33.15 
2279 -6.70 -11.29 33.14 
2280 -6.65 -11.21 33.13 
2281 -6.60 -11.14 33.12 
2282 -6.55 -11.06 33.11 
2283 -6.49 -10.98 33.10 
2284 -6.44 -10.90 33.09 
2285 -6.39 -10.82 33.07 
2286 -6.34 -10.74 33.05 
2287 -6.29 -10.67 33.02 
2288 -6.24 -10.59 33.00 
2289 -6.19 -10.51 32.98 
2290 -6.14 -10.43 32.97 
2291 -6.09 -10.35 32.96 
2292 -6.04 -10.27 32.95 
2293 -5.98 -10.20 32.94 
2294 -5.93 -10.12 32.93 
2295 -5.88 -10.04 32.93 
2296 -5.83 -9.96 32.94 
2297 -5.78 -9.88 32.95 
2298 -5.73 -9.81 32.97 
2299 -5.68 -9.73 32.99 
2300 -5.63 -9.65 33.00 
2301 -5.58 -9.57 33.01 
2302 -5.53 -9.50 33.03 
2303 -5.48 -9.42 33.04 
2304 -5.43 -9.34 33.06 
2305 -5.38 -9.27 33.09 
2306 -5.33 -9.19 33.11 
2307 -5.28 -9.11 33.13 
2308 -5.23 -9.04 33.15 
2309 -5.18 -8.96 33.16 
2310 -5.13 -8.88 33.16 
2311 -5.08 -8.80 33.17 
2312 -5.03 -8.73 33.18 
2313 -4.98 -8.65 33.20 
2314 -4.94 -8.58 33.23 
2315 -4.89 -8.50 33.25 
2316 -4.84 -8.42 33.28 
2317 -4.79 -8.35 33.30 
2318 -4.74 -8.27 33.32 
2319 -4.69 -8.19 33.32 
2320 -4.64 -8.12 33.32 
2321 -4.59 -8.04 33.31 
2322 -4.55 -7.97 33.30 
2323 -4.50 -7.89 33.30 
2324 -4.45 -7.82 33.29 
2325 -4.40 -7.74 33.28 
2326 -4.35 -7.67 33.27 
2327 -4.30 -7.59 33.26 
2328 -4.25 -7.52 33.24 
2329 -4.20 -7.44 33.23 
2330 -4.15 -7.37 33.22 
2331 -4.10 -7.29 33.22 
2332 -4.06 -7.22 33.22 
2333 -4.01 -7.15 33.21 
2334 -3.96 -7.07 33.21 
2335 -3.91 -7.00 33.21 
2336 -3.86 -6.93 33.20 
2337 -3.81 -6.85 33.19 
2338 -3.76 -6.78 33.18 
2339 -3.71 -6.70 33.17 
2340 -3.66 -6.63 33.16 
2341 -3.62 -6.56 33.16 
2342 -3.57 -6.48 33.15 
2343 -3.52 -6.41 33.14 
2344 -3.47 -6.33 33.12 
2345 -3.42 -6.26 33.10 
2346 -3.37 -6.18 33.09 
2347 -3.32 -6.11 33.07 
2348 -3.27 -6.04 33.05 
2349 -3.23 -5.96 33.05 
2350 -3.18 -5.89 33.05 
2351 -3.13 -5.81 33.05 
2352 -3.08 -5.74 33.05 
2353 -3.03 -5.66 33.05 
2354 -2.99 -5.59 33.05 
2355 -2.94 -5.51 33.06 
2356 -2.89 -5.44 33.05 
2357 -2.84 -5.36 33.05 
2358 -2.79 -5.28 33.05 
2359 -2.74 -5.20 33.04 
2360 -2.68 -5.12 33.03 
2361 -2.63 -5.04 33.02 
2362 -2.57 -4.95 33.02 
2363 -2.52 -4.87 33.01 
2364 -2.46 -4.78 33.00 
2365 -2.41 -4.69 32.99 
2366 -2.35 -4.61 32.98 
2367 -2.29 -4.52 32.98 
2368 -2.24 -4.43 32.97 
2369 -2.18 -4.34 32.97 
2370 -2.12 -4.25 32.96 
2371 -2.06 -4.16 32.95 
2372 -2.00 -4.07 32.94 
2373 -1.95 -3.98 32.94 
2374 -1.89 -3.89 32.94 
2375 -1.83 -3.80 32.94 
2376 -1.78 -3.71 32.94 
2377 -1.72 -3.62 32.94 
2378 -1.66 -3.54 32.93 
2379 -1.61 -3.45 32.91 
2380 -1.56 -3.37 32.90 
2381 -1.51 -3.30 32.89 
2382 -1.46 -3.23 32.89 
2383 -1.42 -3.17 32.88 
2384 -1.39 -3.11 32.88 
2385 -1.35 -3.06 32.89 
2386 -1.32 -3.01 32.91 
2387 -1.29 -2.96 32.91 
2388 -1.25 -2.91 32.91 
2389 -1.22 -2.86 32.91 
2390 -1.19 -2.80 32.91 
2391 -1.16 -2.75 32.90 
2392 -1.12 -2.70 32.89 
2393 -1.09 -2.65 32.89 
2394 -1.05 -2.60 32.88 
2395 -1.02 -2.54 32.88 
2396 -0.98 -2.49 32.88 
2397 -0.95 -2.44 32.87 
2398 -0.91 -2.39 32.86 
2399 -0.88 -2.34 32.85 
2400 -0.85 -2.29 32.83 
2401 -0.82 -2.24 32.82 
2402 -0.79 -2.19 32.82 
2403 -0.76 -2.15 32.81 
2404 -0.73 -2.11 32.81 
2405 -0.71 -2.07 32.81 
2406 -0.68 -2.03 32.81 
2407 -0.65 -1.99 32.81 
2408 -0.63 -1.95 32.81 
2409 -0.60 -1.91 32.81 
2410 -0.58 -1.87 32.80 
2411 -0.55 -1.83 32.81 
2412 -0.52 -1.79 32.81 
2413 -0.50 -1.75 32.80 
2414 -0.47 -1.71 32.80 
2415 -0.44 -1.66 32.79 
2416 -0.42 -1.62 32.78 
2417 -0.39 -1.58 32.78 
2418 -0.36 -1.53 32.77 
2419 -0.33 -1.49 32.76 
2420 -0.31 -1.45 32.75 
2421 -0.28 -1.41 32.74 
2422 -0.26 -1.38 32.74 
2423 -0.24 -1.35 32.73 
2424 -0.22 -1.32 32.72 
2425 -0.21 -1.30 32.72 
2426 -0.20 -1.29 32.71 
2427 -0.20 -1.28 32.71 
2428 -0.20 -1.28 32.71 
2429 -0.20 -1.29 32.71 
2430 -0.20 -1.29 32.71 
2431 -0.20 -1.29 32.72 
2432 -0.20 -1.29 32.72 
2433 -0.20 -1.29 32.72 
2434 -0.20 -1.29 32.71 
2435 -0.20 -1.29 32.71 
2436 -0.20 -1.29 32.71 
