0 38.30 23.49 221.14 
1 38.16 23.35 221.20 
2 38.25 23.45 221.19 
3 38.29 23.46 221.19 
4 38.14 23.33 221.19 
5 38.23 23.45 221.23 
6 38.24 23.39 221.26 
7 38.16 23.35 221.24 
8 38.25 23.45 221.21 
9 38.28 23.47 221.19 
10 38.15 23.36 221.23 
11 38.23 23.50 221.26 
12 38.20 23.37 221.24 
13 38.13 23.36 221.17 
14 38.23 23.53 221.18 
15 38.26 23.52 221.22 
16 38.07 23.34 221.22 
17 38.16 23.45 221.23 
18 38.18 23.43 221.21 
19 38.12 23.46 221.20 
20 38.14 23.45 221.18 
21 38.16 23.50 221.17 
22 38.04 23.38 221.18 
23 38.14 23.54 221.16 
24 38.20 23.55 221.23 
25 38.04 23.46 221.23 
26 38.03 23.45 221.16 
27 38.14 23.53 221.13 
28 38.07 23.52 221.19 
29 38.06 23.51 221.24 
30 38.13 23.55 221.20 
31 38.00 23.46 221.29 
32 37.99 23.49 221.19 
33 38.10 23.52 221.16 
34 37.93 23.42 221.19 
35 38.03 23.52 221.23 
36 38.10 23.59 221.21 
37 37.99 23.51 221.19 
38 38.07 23.63 221.19 
39 38.10 23.62 221.19 
40 37.92 23.49 221.24 
41 38.04 23.59 221.20 
42 38.05 23.59 221.20 
43 37.91 23.50 221.20 
44 38.00 23.57 221.19 
45 38.04 23.61 221.19 
46 37.96 23.58 221.23 
47 38.01 23.63 221.18 
48 38.07 23.73 221.21 
49 37.87 23.51 221.20 
50 38.00 23.66 221.20 
51 38.07 23.73 221.16 
52 37.91 23.56 221.25 
53 37.88 23.60 221.19 
54 38.02 23.70 221.16 
55 37.94 23.65 221.23 
56 37.97 23.70 221.20 
57 37.97 23.61 221.17 
58 37.85 23.58 221.20 
59 37.96 23.69 221.21 
60 37.93 23.62 221.20 
61 37.91 23.69 221.23 
62 37.91 23.68 221.18 
63 37.97 23.70 221.20 
64 37.87 23.67 221.18 
65 37.84 23.66 221.21 
66 37.91 23.65 221.21 
67 37.82 23.63 221.16 
68 37.90 23.75 221.16 
69 37.94 23.66 221.22 
70 37.80 23.64 221.21 
71 37.95 23.80 221.18 
72 37.78 23.62 221.21 
73 37.87 23.79 221.23 
74 37.74 23.63 221.21 
75 37.94 23.85 221.23 
76 37.76 23.67 221.19 
77 37.88 23.81 221.18 
78 37.72 23.71 221.25 
79 37.75 23.70 221.21 
80 37.84 23.85 221.20 
81 37.74 23.75 221.19 
82 37.71 23.69 221.20 
83 37.79 23.80 221.25 
84 37.71 23.76 221.21 
85 37.72 23.74 221.20 
86 37.76 23.81 221.18 
87 37.63 23.66 221.22 
88 37.66 23.68 221.18 
89 37.72 23.79 221.19 
90 37.63 23.72 221.26 
91 37.61 23.66 221.16 
92 37.71 23.78 221.25 
93 37.68 23.74 221.27 
94 37.56 23.60 221.30 
95 37.52 23.56 221.27 
96 37.64 23.66 221.24 
97 37.66 23.69 221.21 
98 37.59 23.68 221.19 
99 37.64 23.72 221.12 
100 37.51 23.55 221.11 
101 37.58 23.62 221.23 
102 37.54 23.61 221.26 
103 37.55 23.61 221.26 
104 37.55 23.62 221.18 
105 37.54 23.63 221.16 
106 37.55 23.65 221.23 
107 37.51 23.65 221.25 
108 37.52 23.65 221.20 
109 37.52 23.66 221.23 
110 37.50 23.63 221.23 
111 37.49 23.60 221.23 
112 37.47 23.63 221.17 
113 37.51 23.67 221.17 
114 37.50 23.68 221.19 
115 37.46 23.65 221.24 
116 37.44 23.59 221.20 
117 37.43 23.63 221.22 
118 37.45 23.67 221.22 
119 37.49 23.75 221.21 
120 37.39 23.59 221.24 
121 37.36 23.58 221.23 
122 37.41 23.67 221.20 
123 37.48 23.79 221.24 
124 37.29 23.53 221.27 
125 37.35 23.64 221.24 
126 37.41 23.74 221.23 
127 37.37 23.73 221.21 
128 37.29 23.66 221.26 
129 37.31 23.71 221.17 
130 37.37 23.82 221.25 
131 37.31 23.70 221.23 
132 37.27 23.67 221.23 
133 37.26 23.72 221.26 
134 37.23 23.66 221.29 
135 37.18 23.68 221.21 
136 37.27 23.69 221.23 
137 37.13 23.57 221.28 
138 37.34 23.83 221.23 
139 37.17 23.67 221.18 
140 37.12 23.66 221.23 
141 37.25 23.79 221.23 
142 37.11 23.67 221.30 
143 37.09 23.69 221.24 
144 37.21 23.82 221.18 
145 37.03 23.62 221.20 
146 37.19 23.81 221.21 
147 37.07 23.75 221.26 
148 37.09 23.73 221.23 
149 37.09 23.77 221.22 
150 36.99 23.67 221.25 
151 36.97 23.66 221.19 
152 37.01 23.75 221.22 
153 36.93 23.64 221.22 
154 36.98 23.77 221.22 
155 37.04 23.85 221.22 
156 37.01 23.80 221.27 
157 36.87 23.66 221.26 
158 36.88 23.68 221.21 
159 36.88 23.72 221.19 
160 36.89 23.75 221.20 
161 36.94 23.78 221.19 
162 36.95 23.79 221.22 
163 36.98 23.80 221.20 
164 36.94 23.75 221.22 
165 36.95 23.75 221.19 
166 36.98 23.82 221.17 
167 37.00 23.85 221.18 
168 37.02 23.86 221.20 
169 36.99 23.76 221.20 
170 36.96 23.73 221.22 
171 37.05 23.89 221.18 
172 37.08 23.97 221.25 
173 36.95 23.80 221.17 
174 36.90 23.72 221.19 
175 37.06 23.96 221.23 
176 37.04 23.94 221.21 
177 36.98 23.92 221.17 
178 36.92 23.76 221.16 
179 37.02 23.88 221.25 
180 37.06 24.01 221.16 
181 36.92 23.83 221.22 
182 36.91 23.86 221.19 
183 36.95 23.91 221.19 
184 36.96 23.95 221.20 
185 36.87 23.85 221.23 
186 36.89 23.91 221.18 
187 36.90 23.93 221.21 
188 36.88 23.93 221.22 
189 36.86 23.88 221.17 
190 36.86 23.92 221.20 
191 36.89 23.94 221.18 
192 36.83 23.93 221.23 
193 36.79 23.91 221.15 
194 36.82 23.99 221.16 
195 36.83 23.94 221.18 
196 36.82 24.00 221.16 
197 36.80 23.99 221.19 
198 36.87 24.06 221.23 
199 36.75 23.95 221.18 
200 36.71 23.89 221.26 
201 36.89 24.07 221.24 
202 36.70 23.95 221.23 
203 36.72 23.96 221.18 
204 36.85 24.04 221.25 
205 36.70 23.91 221.20 
206 36.66 23.89 221.17 
207 36.80 24.06 221.20 
208 36.59 23.85 221.23 
209 36.68 23.95 221.23 
210 36.64 23.91 221.17 
211 36.58 23.89 221.19 
212 36.50 23.74 221.18 
213 36.46 23.69 221.14 
214 36.40 23.65 221.10 
215 36.38 23.65 221.08 
216 36.20 23.46 221.13 
217 36.31 23.56 221.12 
218 36.31 23.60 221.08 
219 36.20 23.51 220.95 
220 36.17 23.43 221.01 
221 36.12 23.40 221.06 
222 36.11 23.39 221.00 
223 36.01 23.35 220.87 
224 36.00 23.28 220.95 
225 35.91 23.24 220.95 
226 35.88 23.22 220.91 
227 35.81 23.08 220.87 
228 35.76 23.07 220.84 
229 35.73 22.98 220.85 
230 35.71 23.00 220.79 
231 35.63 22.90 220.78 
232 35.56 22.93 220.84 
233 35.51 22.79 220.82 
234 35.43 22.81 220.74 
235 35.41 22.73 220.80 
236 35.32 22.68 220.79 
237 35.32 22.65 220.73 
238 35.22 22.61 220.70 
239 35.16 22.52 220.68 
240 35.13 22.46 220.64 
241 35.05 22.49 220.51 
242 35.04 22.34 220.55 
243 34.88 22.27 220.46 
244 34.90 22.25 220.42 
245 34.85 22.19 220.50 
246 34.73 22.09 220.41 
247 34.68 22.01 220.41 
248 34.58 22.00 220.34 
249 34.54 21.90 220.45 
250 34.44 21.74 220.38 
251 34.35 21.73 220.27 
252 34.37 21.71 220.17 
253 34.34 21.64 220.09 
254 34.14 21.49 220.10 
255 34.15 21.43 220.07 
256 34.11 21.34 220.06 
257 33.97 21.27 220.14 
258 33.96 21.26 220.08 
259 33.92 21.24 220.02 
260 33.78 21.11 219.98 
261 33.70 21.02 219.93 
262 33.68 20.89 219.93 
263 33.61 20.82 219.83 
264 33.47 20.75 219.82 
265 33.40 20.73 219.74 
266 33.34 20.63 219.59 
267 33.26 20.59 219.52 
268 33.21 20.49 219.34 
269 33.12 20.34 219.28 
270 32.95 20.21 219.16 
271 32.95 20.16 219.15 
272 32.86 20.14 218.98 
273 32.74 20.01 218.99 
274 32.70 19.87 218.97 
275 32.65 19.82 218.91 
276 32.55 19.73 218.94 
277 32.47 19.68 218.86 
278 32.42 19.65 218.75 
279 32.38 19.46 218.70 
280 32.32 19.37 218.68 
281 32.12 19.27 218.67 
282 32.05 19.20 218.76 
283 32.01 19.17 218.62 
284 31.95 19.08 218.50 
285 31.83 18.97 218.57 
286 31.78 18.81 218.44 
287 31.69 18.81 218.44 
288 31.58 18.68 218.45 
289 31.54 18.59 218.25 
290 31.47 18.50 218.35 
291 31.35 18.44 218.06 
292 31.33 18.35 218.05 
293 31.19 18.15 218.18 
294 31.11 18.11 218.15 
295 31.04 18.02 218.21 
296 31.04 18.10 218.29 
297 30.93 17.95 218.24 
298 30.76 17.71 218.09 
299 30.65 17.61 218.10 
300 30.73 17.59 218.07 
301 30.64 17.52 218.06 
302 30.61 17.44 218.14 
303 30.51 17.21 218.19 
304 30.43 17.11 218.14 
305 30.44 17.20 218.05 
306 30.36 17.11 218.09 
307 30.35 16.99 218.14 
308 30.26 16.72 218.10 
309 30.19 16.75 218.12 
310 30.18 16.75 218.03 
311 30.12 16.69 217.97 
312 30.04 16.46 218.04 
313 29.94 16.32 217.99 
314 29.90 16.25 217.83 
315 29.81 16.28 217.96 
316 29.81 16.16 217.95 
317 29.75 15.91 218.02 
318 29.61 15.88 217.86 
319 29.61 15.93 217.79 
320 29.57 15.83 218.01 
321 29.51 15.61 217.96 
322 29.30 15.41 217.98 
323 29.24 15.37 217.96 
324 29.20 15.39 217.96 
325 29.22 15.37 217.84 
326 29.19 15.16 217.87 
327 28.95 14.89 217.93 
328 28.87 14.93 217.88 
329 28.90 14.99 217.95 
330 28.86 14.86 217.78 
331 28.70 14.56 217.85 
332 28.62 14.45 217.82 
333 28.64 14.45 217.86 
334 28.49 14.41 217.79 
335 28.32 14.23 217.86 
336 28.16 14.00 217.79 
337 28.15 13.99 217.75 
338 28.10 13.89 217.83 
339 28.08 13.90 217.76 
340 27.97 13.64 217.92 
341 27.84 13.39 217.95 
342 27.90 13.46 217.81 
343 27.95 13.47 217.72 
344 27.82 13.30 217.58 
345 27.70 13.08 217.60 
346 27.62 12.95 217.59 
347 27.69 12.93 217.63 
348 27.68 12.91 217.70 
349 27.53 12.57 217.58 
350 27.38 12.43 217.47 
351 27.38 12.49 217.45 
352 27.33 12.45 217.52 
353 27.33 12.41 217.46 
354 27.17 12.13 217.45 
355 27.00 11.95 217.43 
356 27.12 12.02 217.50 
357 27.00 11.98 217.43 
358 26.95 11.75 217.36 
359 26.82 11.57 217.41 
360 26.79 11.48 217.33 
361 26.75 11.54 217.41 
362 26.70 11.45 217.28 
363 26.49 11.09 217.27 
364 26.40 11.01 217.48 
365 26.43 10.96 217.51 
366 26.38 11.03 217.53 
367 26.35 10.86 217.41 
368 26.14 10.57 217.40 
369 26.12 10.51 217.32 
370 26.14 10.48 217.29 
371 26.15 10.49 217.32 
372 26.06 10.36 217.33 
373 25.89 10.02 217.34 
374 25.84 10.02 217.37 
375 25.78 9.97 217.42 
376 25.74 9.95 217.32 
377 25.65 9.79 217.30 
378 25.41 9.52 217.28 
379 25.51 9.53 217.31 
380 25.48 9.54 217.27 
381 25.36 9.37 217.23 
382 25.10 9.03 217.18 
383 25.09 8.90 217.05 
384 25.14 8.95 217.15 
385 25.09 9.00 217.00 
386 25.02 8.84 217.09 
387 24.83 8.56 217.10 
388 24.81 8.43 217.20 
389 24.84 8.50 217.22 
390 24.71 8.47 217.24 
391 24.51 8.06 217.18 
392 24.43 7.93 217.19 
393 24.52 8.01 217.17 
394 24.52 8.00 217.24 
395 24.37 7.72 217.41 
396 24.26 7.54 217.37 
397 24.19 7.43 217.20 
398 24.22 7.51 217.20 
399 24.20 7.42 216.96 
400 23.99 7.06 217.07 
401 23.90 7.00 216.69 
402 23.90 6.97 216.84 
403 23.88 7.04 216.78 
404 23.74 6.75 216.88 
405 23.59 6.55 216.88 
406 23.48 6.42 216.88 
407 23.56 6.56 216.90 
408 23.48 6.51 216.88 
409 23.26 6.20 217.01 
410 23.19 6.02 217.20 
411 23.28 6.22 217.21 
412 23.23 6.05 217.27 
413 22.99 5.75 217.51 
414 22.98 5.69 217.50 
415 23.01 5.83 217.51 
416 22.89 5.64 217.48 
417 22.74 5.29 217.56 
418 22.71 5.13 217.77 
419 22.73 5.25 217.88 
420 22.60 5.15 218.00 
421 22.39 4.87 217.92 
422 22.37 4.92 217.99 
423 22.35 4.86 218.12 
424 22.22 4.56 217.94 
425 22.20 4.46 218.26 
426 22.11 4.44 218.25 
427 21.97 4.36 217.97 
428 21.88 4.10 218.10 
429 21.92 4.14 217.97 
430 21.93 3.98 217.83 
431 21.74 3.80 217.73 
432 21.64 3.64 217.58 
433 21.73 3.72 217.42 
434 21.59 3.60 217.42 
435 21.45 3.30 217.17 
436 21.46 3.34 216.96 
437 21.43 3.17 217.10 
438 21.35 3.12 217.08 
439 21.17 2.90 217.06 
440 21.26 2.96 216.88 
441 21.22 2.82 216.91 
442 21.03 2.53 216.88 
443 21.00 2.51 216.89 
444 20.99 2.52 216.77 
445 20.90 2.40 216.72 
446 20.83 2.22 216.66 
447 20.79 2.14 216.68 
448 20.68 2.01 216.52 
449 20.59 1.97 216.48 
450 20.48 1.78 216.40 
451 20.50 1.71 216.56 
452 20.49 1.57 216.60 
453 20.27 1.29 216.63 
454 20.37 1.36 216.36 
455 20.26 1.24 216.61 
456 20.18 1.07 216.30 
457 20.05 0.84 216.91 
458 20.05 0.82 216.76 
459 19.99 0.73 216.58 
460 19.88 0.52 216.56 
461 19.81 0.37 216.81 
462 19.83 0.42 216.74 
463 19.72 0.29 216.70 
464 19.60 0.10 216.78 
465 19.59 -0.00 216.93 
466 19.50 -0.06 216.70 
467 19.38 -0.27 216.75 
468 19.27 -0.50 216.75 
469 19.41 -0.36 216.87 
470 19.31 -0.52 216.92 
471 19.15 -0.83 217.14 
472 19.09 -0.93 217.16 
473 19.08 -1.02 217.34 
474 18.98 -1.08 217.35 
475 18.94 -1.19 217.44 
476 18.91 -1.25 217.68 
477 18.90 -1.42 217.64 
478 18.70 -1.71 217.94 
479 18.64 -1.69 217.95 
480 18.61 -1.80 218.22 
481 18.46 -1.83 218.12 
482 18.33 -2.12 218.20 
483 18.43 -2.14 218.36 
484 18.46 -2.42 218.35 
485 18.25 -2.56 218.32 
486 18.16 -2.45 218.60 
487 18.09 -2.59 218.53 
488 18.06 -2.67 218.59 
489 17.91 -2.93 218.46 
490 18.00 -3.03 218.54 
491 17.91 -3.17 218.31 
492 17.83 -3.30 218.10 
493 17.71 -3.41 217.86 
494 17.66 -3.45 217.74 
495 17.60 -3.53 217.69 
496 17.38 -3.86 217.47 
497 17.50 -3.86 217.58 
498 17.54 -4.03 217.52 
499 17.47 -4.14 217.51 
500 17.24 -4.33 217.39 
501 17.15 -4.39 217.63 
502 17.11 -4.41 217.46 
503 17.02 -4.53 217.39 
504 17.13 -4.80 217.40 
505 17.13 -4.97 217.23 
506 16.89 -5.04 217.33 
507 16.79 -5.06 217.38 
508 16.71 -5.17 217.33 
509 16.63 -5.31 217.35 
510 16.77 -5.53 217.58 
511 16.73 -5.76 217.58 
512 16.46 -5.83 217.59 
513 16.42 -5.74 217.54 
514 16.45 -5.94 217.29 
515 16.32 -6.17 217.40 
516 16.42 -6.32 217.43 
517 16.25 -6.45 217.50 
518 16.06 -6.56 217.40 
519 16.00 -6.60 217.58 
520 15.98 -6.76 217.33 
521 16.04 -7.06 217.44 
522 16.02 -7.05 217.54 
523 15.95 -7.24 217.76 
524 15.75 -7.31 217.70 
525 15.64 -7.27 217.70 
526 15.70 -7.35 217.53 
527 15.71 -7.51 217.44 
528 15.69 -7.76 217.28 
529 15.44 -8.03 217.38 
530 15.38 -8.03 217.48 
531 15.46 -7.96 217.77 
532 15.50 -8.19 217.90 
533 15.30 -8.61 217.69 
534 15.30 -8.65 217.84 
535 15.14 -8.39 217.62 
536 15.11 -8.64 217.55 
537 15.06 -8.82 217.47 
538 15.09 -9.01 217.47 
539 14.94 -9.22 217.48 
540 14.86 -9.26 217.58 
541 14.81 -9.39 217.40 
542 14.56 -9.57 217.29 
543 14.62 -9.53 217.45 
544 14.85 -9.80 217.49 
545 14.66 -10.02 217.38 
546 14.46 -10.04 217.33 
547 14.48 -9.99 217.29 
548 14.37 -10.17 217.17 
549 14.42 -10.27 217.20 
550 14.36 -10.59 217.04 
551 14.17 -10.80 217.14 
552 14.18 -10.72 217.16 
553 14.13 -10.81 217.39 
554 14.22 -11.20 217.52 
555 14.17 -11.34 217.66 
556 13.87 -11.22 217.61 
557 13.80 -11.31 217.57 
558 13.87 -11.39 217.53 
559 13.93 -11.72 217.30 
560 13.78 -12.02 217.56 
561 13.69 -11.95 217.70 
562 13.56 -12.11 217.41 
563 13.43 -12.20 217.51 
564 13.47 -12.21 217.60 
565 13.61 -12.49 217.63 
566 13.36 -12.71 217.87 
567 13.25 -12.68 217.87 
568 13.25 -12.68 217.98 
569 13.16 -12.90 217.84 
570 13.19 -13.19 217.86 
571 13.07 -13.32 217.73 
572 13.01 -13.47 217.72 
573 12.95 -13.46 217.78 
574 12.92 -13.54 217.74 
575 13.00 -13.72 217.80 
576 12.94 -13.99 218.12 
577 12.76 -14.04 217.89 
578 12.75 -13.87 217.91 
579 12.80 -13.98 217.87 
580 12.64 -14.45 217.79 
581 12.60 -14.63 217.87 
582 12.47 -14.74 217.87 
583 12.51 -14.57 217.74 
584 12.49 -14.61 217.72 
585 12.36 -14.94 217.66 
586 12.25 -15.34 217.80 
587 12.31 -15.33 217.87 
588 12.26 -15.12 217.74 
589 12.18 -15.43 217.68 
590 12.16 -15.68 217.83 
591 12.16 -15.87 217.87 
592 12.00 -16.03 217.99 
593 11.94 -15.95 217.70 
594 11.94 -15.91 217.83 
595 11.78 -16.38 217.74 
596 11.75 -16.52 217.78 
597 11.77 -16.55 217.66 
598 11.68 -16.51 217.77 
599 11.70 -16.61 217.81 
600 11.68 -16.86 217.94 
601 11.49 -17.15 217.75 
602 11.47 -17.17 217.83 
603 11.48 -17.26 217.70 
604 11.41 -17.23 217.74 
605 11.32 -17.46 217.59 
606 11.24 -17.69 217.66 
607 11.18 -17.96 217.76 
608 11.24 -17.85 217.93 
609 11.11 -17.88 217.77 
610 11.03 -18.11 217.93 
611 11.09 -18.26 217.74 
612 11.04 -18.44 217.83 
613 10.96 -18.72 217.73 
614 10.88 -18.58 217.74 
615 10.83 -18.58 217.82 
616 10.80 -18.90 217.66 
617 10.72 -19.11 217.68 
618 10.68 -19.22 217.86 
619 10.68 -19.26 217.77 
620 10.61 -19.24 217.75 
621 10.52 -19.38 217.56 
622 10.42 -19.57 217.79 
623 10.54 -19.74 217.59 
624 10.47 -19.88 217.67 
625 10.38 -20.03 217.83 
626 10.28 -20.21 217.74 
627 10.32 -20.20 217.59 
628 10.18 -20.24 217.70 
629 10.15 -20.51 217.87 
630 10.27 -20.42 217.57 
631 10.19 -20.54 217.71 
632 10.04 -20.72 217.83 
633 10.03 -20.83 217.75 
634 10.09 -20.84 217.74 
635 10.05 -20.95 217.74 
636 10.09 -21.05 217.65 
637 10.08 -21.10 217.67 
638 10.20 -20.96 217.51 
639 10.28 -20.95 217.54 
640 10.19 -21.13 217.70 
641 10.04 -21.49 217.55 
642 10.09 -21.42 217.73 
643 10.07 -21.47 217.71 
644 9.97 -21.63 217.68 
645 10.05 -21.71 217.60 
646 10.10 -21.71 217.78 
647 9.97 -21.93 217.77 
648 9.87 -22.04 217.63 
649 9.94 -22.05 217.63 
650 10.00 -22.11 217.65 
651 9.92 -22.20 217.65 
652 9.99 -22.32 217.72 
653 10.26 -22.05 217.64 
654 9.98 -22.31 217.60 
655 10.03 -22.33 217.70 
656 10.12 -22.29 217.59 
657 10.26 -22.22 217.61 
658 10.66 -21.83 217.56 
659 10.69 -21.77 217.52 
660 10.93 -21.61 217.60 
661 10.57 -22.05 217.65 
662 10.84 -21.91 217.81 
663 10.46 -22.32 217.67 
664 10.54 -22.36 217.57 
665 10.69 -22.17 217.71 
666 10.71 -22.24 217.58 
667 10.86 -22.18 217.61 
668 10.73 -22.32 217.61 
669 10.95 -22.16 217.68 
670 11.01 -22.19 217.66 
671 10.86 -22.33 217.58 
672 11.14 -22.18 217.64 
673 11.00 -22.32 217.62 
674 11.09 -22.27 217.57 
675 11.22 -22.25 217.65 
676 11.11 -22.46 217.59 
677 11.21 -22.37 217.61 
678 11.51 -22.05 217.62 
679 11.30 -22.39 217.64 
680 11.44 -22.35 217.61 
681 11.50 -22.31 217.66 
682 11.47 -22.38 217.65 
683 11.66 -22.28 217.58 
684 11.48 -22.51 217.65 
685 11.62 -22.48 217.63 
686 11.85 -22.22 217.63 
687 11.84 -22.35 217.63 
688 11.72 -22.54 217.61 
689 11.81 -22.51 217.64 
690 11.87 -22.49 217.65 
691 11.98 -22.41 217.60 
692 12.04 -22.50 217.59 
693 11.88 -22.66 217.64 
694 12.02 -22.57 217.61 
695 12.23 -22.40 217.64 
696 12.09 -22.57 217.66 
697 12.13 -22.67 217.69 
698 12.22 -22.65 217.63 
699 12.32 -22.56 217.65 
700 12.34 -22.57 217.61 
701 12.42 -22.66 217.69 
